# Avida tasks data
# Sat Apr  7 01:44:48 2012
# First column gives the current update, next columns give the number
# of organisms that have the particular task as a component of their merit
#  1: Update
#  2: Xor
#  3: Equals

0 0 0 
50 5 5 
100 21 21 
150 79 79 
200 181 181 
250 335 336 
300 557 556 
350 800 800 
400 1087 1088 
450 1477 1478 
500 1914 1916 
550 2407 2409 
600 2971 2973 
650 3323 3330 
700 3491 3490 
750 3539 3533 
800 3546 3545 
850 3515 3519 
900 3528 3525 
950 3532 3536 
1000 3552 3551 
1050 3540 3539 
1100 3535 3534 
1150 3540 3528 
1200 3549 3532 
1250 3541 3534 
1300 3551 3528 
1350 3551 3525 
1400 3531 3506 
1450 3547 3512 
1500 3548 3506 
1550 3537 3519 
1600 3533 3529 
1650 3545 3544 
1700 3545 3543 
1750 3541 3538 
1800 3555 3556 
1850 3539 3539 
1900 3534 3534 
1950 3538 3538 
2000 3531 3533 
2050 3518 3526 
2100 3548 3549 
2150 3547 3542 
2200 3527 3512 
2250 3533 3514 
2300 3549 3503 
2350 3542 3511 
2400 3558 3516 
2450 3544 3482 
2500 3527 3461 
2550 3537 3491 
2600 3536 3525 
2650 3530 3533 
2700 3523 3529 
2750 3545 3543 
2800 3543 3547 
2850 3531 3532 
2900 3544 3544 
2950 3528 3528 
3000 3545 3550 
3050 3551 3555 
3100 3531 3521 
3150 3554 3537 
3200 3540 3513 
3250 3541 3518 
3300 3550 3525 
3350 3531 3508 
3400 3547 3514 
3450 3549 3511 
3500 3560 3532 
3550 3539 3524 
3600 3544 3541 
3650 3557 3556 
3700 3550 3543 
3750 3543 3544 
3800 3558 3553 
3850 3538 3544 
3900 3545 3546 
3950 3561 3558 
4000 3557 3556 
4050 3541 3543 
4100 3549 3530 
4150 3533 3510 
4200 3554 3519 
4250 3542 3518 
4300 3541 3511 
4350 3535 3507 
4400 3534 3498 
4450 3560 3513 
4500 3545 3491 
4550 3541 3534 
4600 3545 3547 
4650 3553 3553 
4700 3549 3554 
4750 3535 3535 
4800 3531 3524 
4850 3542 3537 
4900 3549 3547 
4950 3527 3530 
5000 3529 3531 
5050 3542 3536 
5100 3556 3543 
5150 3545 3530 
5200 3524 3496 
5250 3543 3515 
5300 3550 3518 
5350 3553 3507 
5400 3552 3499 
5450 3548 3514 
5500 3535 3484 
5550 3534 3512 
5600 3533 3525 
5650 3520 3520 
5700 3526 3529 
5750 3536 3542 
5800 3567 3568 
5850 3566 3558 
5900 3551 3554 
5950 3550 3556 
6000 3550 3548 
6050 3545 3537 
6100 3557 3544 
6150 3536 3527 
6200 3536 3521 
6250 3547 3532 
6300 3555 3521 
6350 3543 3501 
6400 3541 3507 
6450 3535 3484 
6500 3538 3488 
6550 3543 3523 
6600 3545 3544 
6650 3553 3555 
6700 3546 3542 
6750 3541 3536 
6800 3561 3560 
6850 3555 3553 
6900 3551 3547 
6950 3546 3550 
7000 3539 3539 
7050 3529 3543 
7100 3553 3547 
7150 3525 3519 
7200 3537 3527 
7250 3550 3524 
7300 3530 3496 
7350 3558 3508 
7400 3531 3489 
7450 3537 3462 
7500 3545 3449 
7550 3543 3488 
7600 3534 3509 
7650 3544 3533 
7700 3538 3533 
7750 3533 3537 
7800 3562 3564 
7850 3551 3554 
7900 3543 3549 
7950 3545 3549 
8000 3541 3545 
8050 3521 3530 
8100 3541 3534 
8150 3544 3514 
8200 3544 3500 
8250 3549 3512 
8300 3550 3504 
8350 3553 3504 
8400 3552 3491 
8450 3541 3483 
8500 3553 3463 
8550 3552 3508 
8600 3528 3508 
8650 3542 3540 
8700 3541 3538 
8750 3549 3548 
8800 3546 3551 
8850 3549 3556 
8900 3551 3551 
8950 3537 3545 
9000 3549 3553 
9050 3540 3545 
9100 3558 3551 
9150 3543 3524 
9200 3539 3504 
9250 3562 3522 
9300 3545 3495 
9350 3561 3480 
9400 3551 3458 
9450 3541 3444 
9500 3550 3439 
9550 3528 3481 
9600 3544 3535 
9650 3546 3553 
9700 3533 3537 
9750 3550 3548 
9800 3546 3549 
9850 3546 3544 
9900 3552 3552 
9950 3551 3545 
10000 3549 3541 
10050 3541 3543 
10100 3540 3535 
10150 3547 3532 
10200 3537 3514 
10250 3539 3496 
10300 3548 3498 
10350 3559 3479 
10400 3559 3468 
10450 3549 3448 
10500 3544 3437 
10550 3538 3458 
10600 3529 3492 
10650 3513 3515 
10700 3543 3542 
10750 3539 3538 
10800 3554 3553 
10850 3541 3545 
10900 3544 3546 
10950 3530 3537 
11000 3549 3554 
11050 3543 3552 
11100 3553 3556 
11150 3552 3534 
11200 3547 3505 
11250 3560 3516 
11300 3549 3518 
11350 3537 3514 
11400 3542 3508 
11450 3544 3503 
11500 3528 3465 
11550 3528 3488 
11600 3531 3523 
11650 3534 3535 
11700 3551 3551 
11750 3549 3546 
11800 3545 3547 
11850 3566 3559 
11900 3547 3548 
11950 3548 3549 
12000 3562 3560 
12050 3563 3550 
12100 3546 3512 
12150 3559 3525 
12200 3545 3513 
12250 3548 3517 
12300 3549 3520 
12350 3535 3502 
12400 3556 3519 
12450 3549 3497 
12500 3538 3490 
12550 3539 3521 
12600 3546 3538 
12650 3541 3545 
12700 3550 3543 
12750 3540 3537 
12800 3564 3563 
12850 3549 3553 
12900 3538 3536 
12950 3547 3544 
13000 3537 3538 
13050 3539 3546 
13100 3538 3519 
13150 3555 3548 
13200 3530 3517 
13250 3539 3529 
13300 3549 3527 
13350 3548 3522 
13400 3530 3504 
13450 3535 3500 
13500 3520 3479 
13550 3534 3505 
13600 3555 3539 
13650 3560 3552 
13700 3543 3532 
13750 3551 3552 
13800 3553 3553 
13850 3547 3544 
13900 3547 3542 
13950 3544 3545 
14000 3544 3546 
14050 3539 3547 
14100 3546 3536 
14150 3545 3518 
14200 3529 3505 
14250 3543 3503 
14300 3541 3493 
14350 3549 3498 
14400 3553 3511 
14450 3543 3476 
14500 3555 3487 
14550 3545 3510 
14600 3549 3540 
14650 3549 3551 
14700 3563 3562 
14750 3536 3540 
14800 3543 3542 
14850 3541 3540 
14900 3533 3537 
14950 3538 3545 
15000 3549 3555 
15050 3546 3541 
15100 3532 3504 
15150 3536 3501 
15200 3547 3491 
15250 3545 3469 
15300 3542 3458 
15350 3536 3424 
15400 3546 3438 
15450 3550 3430 
15500 3546 3410 
15550 3542 3491 
15600 3544 3522 
15650 3546 3543 
15700 3539 3534 
15750 3537 3535 
15800 3540 3528 
15850 3542 3538 
15900 3543 3536 
15950 3541 3539 
16000 3552 3550 
16050 3533 3533 
16100 3552 3525 
16150 3552 3510 
16200 3533 3474 
16250 3556 3482 
16300 3542 3462 
16350 3549 3447 
16400 3554 3437 
16450 3549 3430 
16500 3543 3409 
16550 3553 3496 
16600 3542 3507 
16650 3551 3523 
16700 3542 3526 
16750 3552 3543 
16800 3551 3542 
16850 3561 3560 
16900 3551 3550 
16950 3541 3541 
17000 3537 3537 
17050 3545 3537 
17100 3549 3518 
17150 3536 3478 
17200 3548 3466 
17250 3537 3424 
17300 3549 3397 
17350 3546 3388 
17400 3538 3352 
17450 3544 3343 
17500 3539 3339 
17550 3542 3459 
17600 3542 3515 
17650 3532 3518 
17700 3554 3548 
17750 3536 3532 
17800 3544 3532 
17850 3540 3538 
17900 3543 3526 
17950 3543 3541 
18000 3539 3535 
18050 3539 3532 
18100 3538 3520 
18150 3541 3510 
18200 3542 3485 
18250 3542 3474 
18300 3533 3465 
18350 3550 3480 
18400 3530 3453 
18450 3526 3445 
18500 3549 3446 
18550 3537 3478 
18600 3533 3507 
18650 3530 3516 
18700 3549 3538 
18750 3545 3536 
18800 3556 3556 
18850 3557 3551 
18900 3550 3549 
18950 3537 3533 
19000 3538 3525 
19050 3539 3525 
19100 3548 3508 
19150 3533 3483 
19200 3550 3482 
19250 3526 3457 
19300 3547 3466 
19350 3548 3428 
19400 3537 3416 
19450 3540 3396 
19500 3548 3396 
19550 3537 3443 
19600 3554 3525 
19650 3552 3536 
19700 3541 3536 
19750 3550 3552 
19800 3539 3531 
19850 3550 3542 
19900 3547 3541 
19950 3537 3529 
20000 3554 3549 
20050 3533 3531 
20100 3535 3512 
20150 3531 3504 
20200 3558 3504 
20250 3535 3459 
20300 3544 3438 
20350 3538 3409 
20400 3542 3387 
20450 3551 3368 
20500 3540 3345 
20550 3524 3393 
20600 3536 3488 
20650 3547 3526 
20700 3541 3523 
20750 3554 3536 
20800 3556 3537 
20850 3544 3530 
20900 3543 3524 
20950 3553 3530 
21000 3553 3533 
21050 3542 3508 
21100 3571 3511 
21150 3546 3484 
21200 3537 3433 
21250 3555 3432 
21300 3549 3387 
21350 3559 3376 
21400 3544 3309 
21450 3535 3296 
21500 3549 3274 
21550 3548 3377 
21600 3560 3493 
21650 3532 3493 
21700 3533 3520 
21750 3549 3547 
21800 3524 3513 
21850 3555 3529 
21900 3544 3539 
21950 3544 3534 
22000 3560 3555 
22050 3551 3528 
22100 3539 3502 
22150 3537 3479 
22200 3542 3451 
22250 3554 3435 
22300 3556 3421 
22350 3532 3357 
22400 3531 3297 
22450 3541 3286 
22500 3534 3267 
22550 3539 3396 
22600 3533 3480 
22650 3548 3515 
22700 3556 3545 
22750 3541 3527 
22800 3545 3531 
22850 3560 3542 
22900 3534 3527 
22950 3546 3523 
23000 3552 3535 
23050 3535 3516 
23100 3544 3476 
23150 3532 3460 
23200 3549 3429 
23250 3532 3393 
23300 3540 3366 
23350 3548 3313 
23400 3559 3307 
23450 3541 3313 
23500 3552 3281 
23550 3544 3402 
23600 3542 3499 
23650 3542 3521 
23700 3543 3521 
23750 3536 3517 
23800 3549 3531 
23850 3536 3519 
23900 3544 3532 
23950 3534 3509 
24000 3558 3538 
24050 3545 3515 
24100 3561 3488 
24150 3548 3457 
24200 3551 3391 
24250 3531 3311 
24300 3528 3271 
24350 3537 3246 
24400 3537 3217 
24450 3543 3206 
24500 3558 3213 
24550 3557 3392 
24600 3546 3482 
24650 3534 3503 
24700 3543 3514 
24750 3545 3533 
24800 3556 3523 
24850 3550 3537 
24900 3554 3534 
24950 3550 3526 
25000 3538 3517 
25050 3543 3505 
25100 3544 3470 
25150 3546 3431 
25200 3548 3396 
25250 3548 3350 
25300 3555 3290 
25350 3556 3234 
25400 3552 3206 
25450 3539 3175 
25500 3550 3134 
25550 3547 3318 
25600 3555 3443 
25650 3541 3488 
25700 3539 3518 
25750 3546 3509 
25800 3536 3506 
25850 3544 3504 
25900 3535 3499 
25950 3546 3518 
26000 3550 3521 
26050 3543 3497 
26100 3553 3454 
26150 3528 3390 
26200 3551 3360 
26250 3545 3337 
26300 3544 3308 
26350 3543 3256 
26400 3544 3198 
26450 3562 3202 
26500 3553 3112 
26550 3542 3258 
26600 3538 3431 
26650 3552 3501 
26700 3544 3518 
26750 3536 3511 
26800 3549 3516 
26850 3534 3503 
26900 3564 3537 
26950 3533 3507 
27000 3536 3516 
27050 3554 3522 
27100 3544 3463 
27150 3541 3421 
27200 3557 3409 
27250 3544 3335 
27300 3539 3249 
27350 3542 3223 
27400 3532 3142 
27450 3541 3142 
27500 3554 3094 
27550 3541 3297 
27600 3527 3414 
27650 3530 3483 
27700 3539 3517 
27750 3546 3518 
27800 3528 3511 
27850 3553 3517 
27900 3551 3524 
27950 3524 3481 
28000 3549 3516 
28050 3544 3493 
28100 3554 3433 
28150 3544 3369 
28200 3550 3283 
28250 3540 3274 
28300 3542 3250 
28350 3539 3213 
28400 3549 3135 
28450 3564 3109 
28500 3543 3070 
28550 3550 3311 
28600 3541 3456 
28650 3537 3487 
28700 3543 3504 
28750 3540 3517 
28800 3543 3515 
28850 3552 3519 
28900 3529 3497 
28950 3537 3514 
29000 3546 3519 
29050 3557 3501 
29100 3555 3452 
29150 3527 3382 
29200 3542 3396 
29250 3538 3347 
29300 3537 3306 
29350 3534 3242 
29400 3544 3214 
29450 3547 3149 
29500 3547 3090 
29550 3557 3287 
29600 3553 3427 
29650 3535 3484 
29700 3541 3501 
29750 3554 3528 
29800 3534 3515 
29850 3534 3513 
29900 3544 3516 
29950 3556 3520 
30000 3547 3522 
30050 3528 3482 
30100 3543 3440 
30150 3547 3392 
30200 3543 3358 
30250 3533 3289 
30300 3529 3240 
30350 3547 3198 
30400 3543 3126 
30450 3543 3013 
30500 3534 2990 
30550 3533 3251 
30600 3533 3426 
30650 3552 3508 
30700 3525 3495 
30750 3547 3527 
30800 3552 3533 
30850 3556 3538 
30900 3547 3523 
30950 3547 3512 
31000 3541 3512 
31050 3530 3481 
31100 3560 3460 
31150 3545 3416 
31200 3543 3385 
31250 3548 3309 
31300 3508 3237 
31350 3542 3208 
31400 3553 3145 
31450 3548 3124 
31500 3554 3078 
31550 3558 3305 
31600 3529 3427 
31650 3564 3510 
31700 3553 3510 
31750 3553 3504 
31800 3540 3489 
31850 3536 3495 
31900 3530 3495 
31950 3559 3521 
32000 3553 3522 
32050 3552 3486 
32100 3541 3437 
32150 3521 3340 
32200 3549 3303 
32250 3536 3213 
32300 3546 3146 
32350 3544 3095 
32400 3545 3083 
32450 3536 3053 
32500 3548 3039 
32550 3553 3267 
32600 3539 3435 
32650 3537 3469 
32700 3547 3513 
32750 3553 3523 
32800 3538 3504 
32850 3537 3506 
32900 3544 3510 
32950 3533 3508 
33000 3536 3508 
33050 3533 3502 
33100 3537 3432 
33150 3550 3366 
33200 3550 3303 
33250 3540 3291 
33300 3553 3270 
33350 3550 3207 
33400 3539 3144 
33450 3553 3136 
33500 3555 3060 
33550 3542 3289 
33600 3552 3449 
33650 3546 3503 
33700 3550 3512 
33750 3543 3529 
33800 3535 3512 
33850 3544 3505 
33900 3529 3506 
33950 3546 3521 
34000 3560 3517 
34050 3551 3485 
34100 3548 3405 
34150 3536 3334 
34200 3544 3262 
34250 3539 3190 
34300 3539 3141 
34350 3545 3120 
34400 3553 3056 
34450 3534 2963 
34500 3540 2957 
34550 3553 3234 
34600 3547 3424 
34650 3552 3498 
34700 3541 3509 
34750 3539 3506 
34800 3554 3528 
34850 3532 3512 
34900 3541 3505 
34950 3545 3515 
35000 3553 3531 
35050 3552 3516 
35100 3558 3460 
35150 3548 3380 
35200 3543 3325 
35250 3548 3249 
35300 3560 3286 
35350 3549 3206 
35400 3552 3196 
35450 3540 3138 
35500 3545 3055 
35550 3524 3261 
35600 3548 3458 
35650 3532 3486 
35700 3552 3513 
35750 3562 3531 
35800 3536 3482 
35850 3552 3532 
35900 3532 3510 
35950 3552 3521 
36000 3536 3496 
36050 3541 3482 
36100 3555 3448 
36150 3535 3424 
36200 3544 3363 
36250 3547 3356 
36300 3536 3307 
36350 3554 3255 
36400 3544 3231 
36450 3534 3131 
36500 3549 3068 
36550 3538 3244 
36600 3540 3400 
36650 3542 3483 
36700 3541 3517 
36750 3551 3523 
36800 3541 3505 
36850 3546 3520 
36900 3571 3539 
36950 3545 3499 
37000 3558 3530 
37050 3541 3497 
37100 3552 3439 
37150 3548 3333 
37200 3552 3269 
37250 3531 3153 
37300 3535 3119 
37350 3552 3111 
37400 3547 3038 
37450 3540 2946 
37500 3527 2881 
37550 3555 3185 
37600 3534 3393 
37650 3543 3487 
37700 3542 3497 
37750 3550 3507 
37800 3540 3500 
37850 3550 3507 
37900 3558 3523 
37950 3542 3497 
38000 3552 3510 
38050 3560 3506 
38100 3562 3427 
38150 3535 3326 
38200 3555 3325 
38250 3530 3243 
38300 3543 3237 
38350 3553 3174 
38400 3530 3156 
38450 3536 3071 
38500 3524 2989 
38550 3530 3204 
38600 3538 3398 
38650 3552 3498 
38700 3543 3502 
38750 3543 3508 
38800 3542 3500 
38850 3556 3508 
38900 3541 3498 
38950 3558 3523 
39000 3536 3494 
39050 3545 3486 
39100 3548 3409 
39150 3537 3332 
39200 3533 3285 
39250 3546 3205 
39300 3542 3171 
39350 3553 3085 
39400 3553 3078 
39450 3556 3077 
39500 3550 3066 
39550 3549 3300 
39600 3534 3434 
39650 3538 3486 
39700 3555 3519 
39750 3543 3513 
39800 3551 3515 
39850 3561 3539 
39900 3544 3507 
39950 3544 3516 
40000 3546 3500 
40050 3557 3484 
40100 3553 3427 
40150 3537 3326 
40200 3540 3298 
40250 3567 3234 
40300 3545 3139 
40350 3541 3097 
40400 3539 3102 
40450 3536 3042 
40500 3556 2999 
40550 3537 3211 
40600 3536 3418 
40650 3553 3478 
40700 3537 3503 
40750 3545 3507 
40800 3535 3498 
40850 3549 3505 
40900 3543 3519 
40950 3556 3528 
41000 3551 3520 
41050 3536 3476 
41100 3552 3420 
41150 3560 3380 
41200 3539 3284 
41250 3560 3224 
41300 3531 3177 
41350 3563 3147 
41400 3553 3162 
41450 3544 3090 
41500 3533 3000 
41550 3537 3226 
41600 3550 3442 
41650 3543 3490 
41700 3560 3516 
41750 3545 3498 
41800 3542 3507 
41850 3548 3508 
41900 3542 3496 
41950 3550 3511 
42000 3556 3504 
42050 3543 3449 
42100 3540 3372 
42150 3544 3339 
42200 3553 3287 
42250 3548 3234 
42300 3548 3187 
42350 3560 3117 
42400 3547 3064 
42450 3540 3000 
42500 3544 2978 
42550 3522 3192 
42600 3553 3431 
42650 3557 3502 
42700 3553 3504 
42750 3560 3522 
42800 3548 3504 
42850 3547 3516 
42900 3557 3522 
42950 3537 3506 
43000 3548 3509 
43050 3549 3494 
43100 3557 3431 
43150 3558 3394 
43200 3552 3326 
43250 3550 3281 
43300 3553 3244 
43350 3555 3219 
43400 3550 3174 
43450 3553 3121 
43500 3527 3003 
43550 3519 3279 
43600 3550 3454 
43650 3539 3485 
43700 3546 3510 
43750 3553 3521 
43800 3556 3534 
43850 3540 3494 
43900 3556 3540 
43950 3544 3513 
44000 3550 3518 
44050 3554 3485 
44100 3546 3420 
44150 3544 3387 
44200 3558 3300 
44250 3556 3306 
44300 3550 3212 
44350 3539 3148 
44400 3554 3069 
44450 3549 3046 
44500 3532 3046 
44550 3540 3269 
44600 3545 3446 
44650 3547 3502 
44700 3563 3516 
44750 3554 3511 
44800 3534 3504 
44850 3562 3526 
44900 3553 3501 
44950 3542 3502 
45000 3554 3511 
45050 3537 3486 
45100 3547 3411 
45150 3551 3344 
45200 3544 3307 
45250 3567 3301 
45300 3545 3218 
45350 3569 3169 
45400 3542 3102 
45450 3548 3065 
45500 3556 2958 
45550 3538 3189 
45600 3562 3410 
45650 3559 3512 
45700 3556 3516 
45750 3553 3513 
45800 3554 3517 
45850 3559 3503 
45900 3558 3513 
45950 3546 3511 
46000 3551 3504 
46050 3562 3478 
46100 3543 3386 
46150 3543 3347 
46200 3557 3281 
46250 3554 3237 
46300 3550 3133 
46350 3561 3081 
46400 3544 2949 
46450 3547 2928 
46500 3560 2804 
46550 3556 3156 
46600 3561 3381 
46650 3558 3486 
46700 3566 3516 
46750 3554 3516 
46800 3556 3525 
46850 3565 3528 
46900 3554 3519 
46950 3557 3518 
47000 3560 3511 
47050 3558 3460 
47100 3550 3372 
47150 3553 3291 
47200 3561 3242 
47250 3565 3175 
47300 3552 3106 
47350 3549 3105 
47400 3543 3056 
47450 3550 2992 
47500 3546 2917 
47550 3547 3267 
47600 3547 3472 
47650 3549 3505 
47700 3560 3520 
47750 3554 3522 
47800 3557 3525 
47850 3556 3511 
47900 3553 3506 
47950 3559 3523 
48000 3563 3522 
48050 3556 3483 
48100 3553 3430 
48150 3544 3294 
48200 3555 3186 
48250 3558 3111 
48300 3557 3070 
48350 3544 3015 
48400 3555 2953 
48450 3558 2957 
48500 3545 2849 
48550 3558 3268 
48600 3551 3473 
48650 3554 3530 
48700 3561 3533 
48750 3547 3517 
48800 3557 3518 
48850 3563 3514 
48900 3545 3506 
48950 3554 3513 
49000 3566 3530 
49050 3544 3468 
49100 3556 3372 
49150 3518 3294 
49200 3558 3228 
49250 3545 3163 
49300 3557 3066 
49350 3554 2929 
49400 3565 2863 
49450 3561 2805 
49500 3542 2735 
49550 3543 3232 
49600 3551 3456 
49650 3537 3493 
49700 3542 3508 
49750 3549 3524 
49800 3547 3513 
49850 3564 3527 
49900 3538 3509 
49950 3554 3510 
50000 3557 3515 
50050 3555 3469 
50100 3539 3398 
50150 3567 3384 
50200 3561 3271 
50250 3562 3239 
50300 3546 3149 
50350 3555 3123 
50400 3553 2983 
50450 3545 2911 
50500 3552 2788 
50550 3548 3242 
50600 3556 3483 
50650 3553 3506 
50700 3562 3518 
50750 3550 3497 
50800 3568 3541 
50850 3545 3515 
50900 3544 3502 
50950 3545 3513 
51000 3539 3507 
51050 3544 3500 
51100 3540 3412 
51150 3547 3368 
51200 3549 3294 
51250 3535 3201 
51300 3550 3113 
51350 3561 3138 
51400 3564 3122 
51450 3553 3066 
51500 3544 3002 
51550 3550 3297 
51600 3556 3481 
51650 3552 3503 
51700 3553 3510 
51750 3551 3517 
51800 3552 3501 
51850 3545 3513 
51900 3538 3510 
51950 3563 3530 
52000 3562 3530 
52050 3533 3482 
52100 3529 3447 
52150 3547 3331 
52200 3564 3290 
52250 3560 3221 
52300 3554 3157 
52350 3569 3119 
52400 3543 3024 
52450 3563 3014 
52500 3561 2940 
52550 3558 3279 
52600 3549 3451 
52650 3540 3495 
52700 3550 3520 
52750 3543 3511 
52800 3555 3521 
52850 3545 3511 
52900 3547 3507 
52950 3557 3507 
53000 3564 3530 
53050 3547 3441 
53100 3541 3350 
53150 3551 3287 
53200 3550 3206 
53250 3557 3149 
53300 3550 3063 
53350 3570 2980 
53400 3548 2886 
53450 3562 2836 
53500 3554 2777 
53550 3553 3247 
53600 3546 3463 
53650 3557 3528 
53700 3562 3514 
53750 3553 3522 
53800 3564 3518 
53850 3556 3519 
53900 3552 3516 
53950 3543 3499 
54000 3546 3517 
54050 3536 3440 
54100 3548 3332 
54150 3535 3223 
54200 3556 3174 
54250 3566 3079 
54300 3567 2983 
54350 3546 2861 
54400 3539 2665 
54450 3568 2680 
54500 3553 2586 
54550 3547 3272 
54600 3548 3473 
54650 3554 3509 
54700 3555 3519 
54750 3547 3524 
54800 3554 3516 
54850 3556 3516 
54900 3549 3519 
54950 3564 3528 
55000 3553 3519 
55050 3541 3435 
55100 3552 3369 
55150 3544 3202 
55200 3554 3074 
55250 3558 2971 
55300 3560 2908 
55350 3565 2846 
55400 3561 2845 
55450 3557 2824 
55500 3570 2707 
55550 3557 3273 
55600 3568 3496 
55650 3555 3516 
55700 3552 3511 
55750 3544 3515 
55800 3538 3512 
55850 3551 3515 
55900 3551 3505 
55950 3554 3524 
56000 3562 3533 
56050 3569 3464 
56100 3554 3304 
56150 3535 3151 
56200 3555 3072 
56250 3550 2959 
56300 3543 2887 
56350 3546 2841 
56400 3563 2800 
56450 3571 2745 
56500 3572 2598 
56550 3560 3279 
56600 3562 3484 
56650 3550 3528 
56700 3551 3506 
56750 3557 3522 
56800 3562 3519 
56850 3552 3524 
56900 3551 3520 
56950 3544 3513 
57000 3554 3523 
57050 3559 3450 
57100 3536 3320 
57150 3558 3273 
57200 3557 3146 
57250 3566 3111 
57300 3558 3070 
57350 3558 3042 
57400 3557 2940 
57450 3539 2796 
57500 3544 2657 
57550 3541 3228 
57600 3553 3470 
57650 3563 3522 
57700 3551 3516 
57750 3545 3516 
57800 3564 3531 
57850 3542 3509 
57900 3561 3531 
57950 3557 3521 
58000 3547 3512 
58050 3545 3447 
58100 3551 3337 
58150 3554 3214 
58200 3550 3156 
58250 3560 3094 
58300 3554 3031 
58350 3545 2860 
58400 3562 2807 
58450 3562 2772 
58500 3537 2662 
58550 3549 3224 
58600 3553 3442 
58650 3569 3540 
58700 3552 3514 
58750 3553 3501 
58800 3537 3497 
58850 3540 3510 
58900 3550 3515 
58950 3555 3516 
59000 3541 3506 
59050 3559 3455 
59100 3551 3338 
59150 3566 3216 
59200 3563 3167 
59250 3557 3132 
59300 3538 3043 
59350 3556 2926 
59400 3561 2886 
59450 3558 2760 
59500 3553 2730 
59550 3539 3246 
59600 3562 3501 
59650 3546 3506 
59700 3548 3511 
59750 3556 3522 
59800 3548 3513 
59850 3564 3535 
59900 3573 3542 
59950 3559 3525 
60000 3553 3517 
60050 3546 3452 
60100 3553 3355 
60150 3552 3258 
60200 3549 3153 
60250 3539 3042 
60300 3560 2903 
60350 3561 2824 
60400 3561 2782 
60450 3549 2746 
60500 3543 2665 
60550 3536 3283 
60600 3551 3477 
60650 3544 3508 
60700 3555 3517 
60750 3561 3518 
60800 3563 3513 
60850 3548 3523 
60900 3546 3501 
60950 3557 3499 
61000 3547 3486 
61050 3546 3404 
61100 3552 3299 
61150 3563 3250 
61200 3561 3118 
61250 3553 2984 
61300 3563 2990 
61350 3554 2871 
61400 3562 2780 
61450 3541 2688 
61500 3559 2634 
61550 3547 3235 
61600 3558 3465 
61650 3554 3509 
61700 3546 3517 
61750 3558 3521 
61800 3563 3524 
61850 3549 3496 
61900 3561 3522 
61950 3559 3520 
62000 3553 3508 
62050 3542 3455 
62100 3558 3362 
62150 3523 3235 
62200 3546 3175 
62250 3545 3198 
62300 3561 3108 
62350 3547 3023 
62400 3567 2949 
62450 3564 2845 
62500 3553 2807 
62550 3564 3302 
62600 3546 3456 
62650 3547 3506 
62700 3553 3494 
62750 3559 3528 
62800 3562 3526 
62850 3552 3506 
62900 3553 3510 
62950 3552 3520 
63000 3549 3528 
63050 3545 3445 
63100 3556 3366 
63150 3542 3266 
63200 3556 3166 
63250 3566 3157 
63300 3545 3071 
63350 3551 3005 
63400 3556 3026 
63450 3573 2956 
63500 3541 2867 
63550 3559 3332 
63600 3553 3474 
63650 3564 3520 
63700 3560 3516 
63750 3563 3522 
63800 3552 3508 
63850 3565 3533 
63900 3564 3532 
63950 3552 3530 
64000 3555 3519 
64050 3561 3476 
64100 3560 3366 
64150 3541 3269 
64200 3554 3186 
64250 3555 3137 
64300 3565 3051 
64350 3551 2924 
64400 3546 2861 
64450 3552 2878 
64500 3564 2910 
64550 3562 3338 
64600 3557 3506 
64650 3553 3519 
64700 3542 3501 
64750 3572 3527 
64800 3552 3508 
64850 3555 3507 
64900 3562 3528 
64950 3552 3524 
65000 3543 3504 
65050 3538 3475 
65100 3562 3425 
65150 3558 3335 
65200 3550 3227 
65250 3548 3143 
65300 3550 3036 
65350 3544 2923 
65400 3542 2806 
65450 3549 2711 
65500 3574 2700 
65550 3567 3297 
65600 3553 3494 
65650 3540 3507 
65700 3545 3520 
65750 3560 3526 
65800 3548 3500 
65850 3544 3517 
65900 3556 3530 
65950 3548 3507 
66000 3562 3531 
66050 3562 3433 
66100 3554 3329 
66150 3557 3198 
66200 3556 3090 
66250 3556 2997 
66300 3553 2963 
66350 3554 2875 
66400 3557 2842 
66450 3552 2761 
66500 3544 2692 
66550 3553 3253 
66600 3561 3477 
66650 3554 3525 
66700 3555 3512 
66750 3564 3526 
66800 3563 3515 
66850 3563 3518 
66900 3556 3523 
66950 3568 3534 
67000 3540 3506 
67050 3556 3471 
67100 3541 3346 
67150 3557 3253 
67200 3558 3191 
67250 3543 3096 
67300 3551 3085 
67350 3564 2991 
67400 3561 2987 
67450 3560 2903 
67500 3550 2857 
67550 3554 3287 
67600 3550 3481 
67650 3551 3492 
67700 3554 3514 
67750 3568 3538 
67800 3558 3528 
67850 3557 3521 
67900 3551 3511 
67950 3548 3513 
68000 3559 3519 
68050 3562 3467 
68100 3568 3416 
68150 3552 3310 
68200 3560 3310 
68250 3545 3208 
68300 3555 3167 
68350 3560 2999 
68400 3549 2945 
68450 3546 2929 
68500 3556 2855 
68550 3559 3340 
68600 3554 3501 
68650 3549 3511 
68700 3566 3528 
68750 3566 3531 
68800 3550 3521 
68850 3559 3531 
68900 3545 3506 
68950 3552 3510 
69000 3547 3529 
69050 3554 3486 
69100 3545 3423 
69150 3567 3401 
69200 3558 3312 
69250 3555 3279 
69300 3551 3189 
69350 3558 3110 
69400 3555 3008 
69450 3553 2920 
69500 3539 2885 
69550 3538 3320 
69600 3544 3490 
69650 3548 3515 
69700 3563 3521 
69750 3563 3519 
69800 3545 3522 
69850 3553 3521 
69900 3560 3529 
69950 3548 3524 
70000 3569 3530 
70050 3552 3481 
70100 3562 3405 
70150 3554 3321 
70200 3550 3283 
70250 3552 3198 
70300 3552 3112 
70350 3566 3093 
70400 3567 3077 
70450 3553 2963 
70500 3564 2887 
70550 3559 3330 
70600 3542 3481 
70650 3561 3533 
70700 3557 3523 
70750 3557 3528 
70800 3549 3513 
70850 3552 3509 
70900 3551 3515 
70950 3561 3531 
71000 3556 3540 
71050 3564 3517 
71100 3552 3448 
71150 3562 3355 
71200 3550 3274 
71250 3552 3209 
71300 3557 3132 
71350 3559 3137 
71400 3555 3049 
71450 3546 3061 
71500 3558 2996 
71550 3551 3373 
71600 3549 3505 
71650 3532 3501 
71700 3563 3526 
71750 3560 3524 
71800 3563 3533 
71850 3553 3529 
71900 3555 3522 
71950 3539 3503 
72000 3556 3518 
72050 3571 3488 
72100 3550 3334 
72150 3549 3266 
72200 3545 3178 
72250 3549 3086 
72300 3541 2997 
72350 3565 2871 
72400 3561 2798 
72450 3544 2677 
72500 3565 2632 
72550 3554 3230 
72600 3548 3478 
72650 3556 3521 
72700 3559 3531 
72750 3557 3524 
72800 3556 3527 
72850 3549 3519 
72900 3546 3512 
72950 3545 3513 
73000 3554 3515 
73050 3553 3498 
73100 3559 3461 
73150 3566 3387 
73200 3557 3236 
73250 3571 3223 
73300 3557 3134 
73350 3543 3050 
73400 3551 2982 
73450 3553 2845 
73500 3561 2850 
73550 3549 3311 
73600 3550 3492 
73650 3559 3524 
73700 3550 3509 
73750 3554 3537 
73800 3558 3520 
73850 3565 3541 
73900 3562 3531 
73950 3555 3530 
74000 3557 3529 
74050 3558 3497 
74100 3552 3441 
74150 3553 3357 
74200 3561 3273 
74250 3559 3265 
74300 3542 3231 
74350 3558 3178 
74400 3553 3175 
74450 3563 3059 
74500 3551 2951 
74550 3547 3342 
74600 3535 3489 
74650 3560 3522 
74700 3552 3529 
74750 3555 3530 
74800 3539 3508 
74850 3567 3542 
74900 3552 3529 
74950 3566 3532 
75000 3557 3525 
75050 3564 3501 
75100 3552 3381 
75150 3551 3312 
75200 3562 3237 
75250 3568 3151 
75300 3562 3098 
75350 3559 3013 
75400 3565 2957 
75450 3547 2814 
75500 3546 2819 
75550 3564 3324 
75600 3561 3506 
75650 3544 3510 
75700 3553 3518 
75750 3557 3537 
75800 3564 3532 
75850 3552 3512 
75900 3562 3520 
75950 3568 3544 
76000 3554 3531 
76050 3561 3503 
76100 3572 3466 
76150 3565 3398 
76200 3561 3289 
76250 3565 3155 
76300 3559 3176 
76350 3560 3058 
76400 3565 3022 
76450 3551 3024 
76500 3554 2960 
76550 3553 3330 
76600 3560 3498 
76650 3566 3540 
76700 3559 3536 
76750 3544 3533 
76800 3553 3532 
76850 3561 3544 
76900 3567 3542 
76950 3551 3536 
77000 3566 3540 
77050 3558 3508 
77100 3547 3441 
77150 3564 3338 
77200 3563 3272 
77250 3564 3201 
77300 3539 3123 
77350 3557 3109 
77400 3553 3016 
77450 3549 2922 
77500 3556 2840 
77550 3559 3316 
77600 3564 3520 
77650 3561 3535 
77700 3555 3526 
77750 3549 3522 
77800 3554 3521 
77850 3550 3537 
77900 3547 3523 
77950 3554 3522 
78000 3552 3513 
78050 3543 3475 
78100 3547 3415 
78150 3554 3332 
78200 3548 3295 
78250 3538 3149 
78300 3564 3100 
78350 3560 3070 
78400 3563 3091 
78450 3549 3036 
78500 3554 3038 
78550 3554 3397 
78600 3545 3494 
78650 3555 3513 
78700 3561 3531 
78750 3547 3527 
78800 3557 3533 
78850 3550 3533 
78900 3543 3524 
78950 3552 3531 
79000 3554 3524 
79050 3556 3497 
79100 3546 3396 
79150 3559 3274 
79200 3565 3202 
79250 3546 3129 
79300 3553 3121 
79350 3558 3034 
79400 3543 2944 
79450 3547 2866 
79500 3554 2820 
79550 3547 3284 
79600 3539 3476 
79650 3566 3528 
79700 3555 3531 
79750 3554 3521 
79800 3559 3532 
79850 3556 3527 
79900 3563 3542 
79950 3560 3533 
80000 3563 3543 
80050 3563 3516 
80100 3557 3424 
80150 3547 3358 
80200 3558 3273 
80250 3551 3166 
80300 3558 3178 
80350 3561 3085 
80400 3569 3043 
80450 3568 2933 
80500 3555 2903 
80550 3559 3316 
80600 3562 3498 
80650 3562 3529 
80700 3553 3527 
80750 3561 3532 
80800 3544 3533 
80850 3545 3517 
80900 3560 3517 
80950 3550 3530 
81000 3537 3519 
81050 3554 3488 
81100 3562 3452 
81150 3554 3347 
81200 3547 3302 
81250 3547 3234 
81300 3560 3104 
81350 3535 3012 
81400 3559 2922 
81450 3551 2835 
81500 3560 2810 
81550 3555 3278 
81600 3560 3493 
81650 3542 3518 
81700 3562 3536 
81750 3565 3543 
81800 3546 3519 
81850 3562 3536 
81900 3558 3514 
81950 3558 3531 
82000 3569 3548 
82050 3556 3485 
82100 3554 3428 
82150 3563 3353 
82200 3560 3306 
82250 3547 3243 
82300 3554 3148 
82350 3546 3135 
82400 3562 3106 
82450 3552 3064 
82500 3561 2988 
82550 3549 3331 
82600 3548 3487 
82650 3568 3536 
82700 3565 3529 
82750 3557 3520 
82800 3539 3509 
82850 3559 3532 
82900 3549 3513 
82950 3552 3523 
83000 3556 3533 
83050 3549 3487 
83100 3540 3411 
83150 3560 3360 
83200 3566 3294 
83250 3568 3225 
83300 3559 3117 
83350 3549 3108 
83400 3545 3079 
83450 3571 2999 
83500 3563 2923 
83550 3557 3367 
83600 3556 3512 
83650 3560 3542 
83700 3558 3536 
83750 3560 3533 
83800 3568 3529 
83850 3553 3516 
83900 3544 3516 
83950 3559 3523 
84000 3545 3525 
84050 3548 3476 
84100 3555 3390 
84150 3561 3310 
84200 3540 3219 
84250 3543 3176 
84300 3538 3122 
84350 3556 3021 
84400 3565 2972 
84450 3555 2869 
84500 3568 2823 
84550 3557 3264 
84600 3562 3481 
84650 3565 3527 
84700 3549 3520 
84750 3559 3531 
84800 3564 3532 
84850 3559 3546 
84900 3564 3542 
84950 3561 3531 
85000 3565 3531 
85050 3550 3460 
85100 3570 3419 
85150 3548 3307 
85200 3567 3271 
85250 3542 3154 
85300 3558 3122 
85350 3555 3057 
85400 3543 2939 
85450 3553 2995 
85500 3537 2976 
85550 3543 3368 
85600 3561 3513 
85650 3554 3517 
85700 3563 3529 
85750 3563 3527 
85800 3553 3532 
85850 3542 3515 
85900 3562 3538 
85950 3547 3517 
86000 3563 3536 
86050 3564 3507 
86100 3558 3447 
86150 3565 3354 
86200 3568 3296 
86250 3547 3204 
86300 3554 3177 
86350 3562 3110 
86400 3566 3021 
86450 3558 2959 
86500 3565 2943 
86550 3559 3374 
86600 3554 3496 
86650 3547 3524 
86700 3554 3529 
86750 3553 3526 
86800 3561 3536 
86850 3550 3529 
86900 3557 3529 
86950 3563 3538 
87000 3558 3526 
87050 3558 3481 
87100 3540 3405 
87150 3551 3372 
87200 3553 3331 
87250 3552 3242 
87300 3547 3198 
87350 3544 3111 
87400 3558 3086 
87450 3555 3097 
87500 3546 3054 
87550 3546 3368 
87600 3541 3501 
87650 3555 3518 
87700 3557 3528 
87750 3561 3533 
87800 3567 3537 
87850 3569 3543 
87900 3560 3528 
87950 3556 3532 
88000 3555 3531 
88050 3555 3514 
88100 3575 3473 
88150 3570 3406 
88200 3569 3350 
88250 3559 3282 
88300 3557 3150 
88350 3560 3054 
88400 3549 3012 
88450 3568 3036 
88500 3569 2963 
88550 3560 3348 
88600 3556 3509 
88650 3542 3522 
88700 3549 3533 
88750 3566 3525 
88800 3554 3527 
88850 3550 3528 
88900 3557 3536 
88950 3558 3539 
89000 3568 3541 
89050 3558 3516 
89100 3566 3454 
89150 3562 3380 
89200 3559 3303 
89250 3553 3209 
89300 3553 3188 
89350 3569 3196 
89400 3561 3116 
89450 3565 3018 
89500 3558 2922 
89550 3543 3346 
89600 3551 3508 
89650 3567 3538 
89700 3536 3519 
89750 3566 3550 
89800 3550 3522 
89850 3566 3534 
89900 3569 3531 
89950 3579 3562 
90000 3562 3532 
90050 3567 3518 
90100 3561 3449 
90150 3563 3368 
90200 3547 3291 
90250 3551 3268 
90300 3558 3228 
90350 3561 3167 
90400 3535 3110 
90450 3567 3082 
90500 3556 3000 
90550 3560 3344 
90600 3538 3492 
90650 3560 3529 
90700 3557 3530 
90750 3569 3544 
90800 3571 3532 
90850 3548 3524 
90900 3568 3551 
90950 3564 3539 
91000 3551 3522 
91050 3542 3478 
91100 3566 3418 
91150 3547 3372 
91200 3554 3327 
91250 3550 3217 
91300 3549 3149 
91350 3567 3090 
91400 3566 3101 
91450 3557 3000 
91500 3564 2997 
91550 3556 3383 
91600 3560 3513 
91650 3573 3538 
91700 3554 3538 
91750 3563 3543 
91800 3567 3546 
91850 3560 3538 
91900 3560 3534 
91950 3557 3531 
92000 3574 3541 
92050 3572 3501 
92100 3551 3396 
92150 3555 3320 
92200 3559 3262 
92250 3560 3168 
92300 3550 3108 
92350 3557 3019 
92400 3560 2969 
92450 3572 2908 
92500 3578 2900 
92550 3552 3353 
92600 3556 3506 
92650 3565 3514 
92700 3565 3534 
92750 3565 3543 
92800 3554 3527 
92850 3564 3542 
92900 3566 3535 
92950 3575 3550 
93000 3561 3539 
93050 3558 3500 
93100 3563 3471 
93150 3571 3428 
93200 3566 3338 
93250 3543 3218 
93300 3561 3152 
93350 3560 3055 
93400 3572 3043 
93450 3557 2952 
93500 3568 2945 
93550 3562 3395 
93600 3562 3516 
93650 3572 3539 
93700 3556 3538 
93750 3562 3530 
93800 3567 3540 
93850 3567 3554 
93900 3571 3544 
93950 3570 3539 
94000 3564 3543 
94050 3551 3482 
94100 3562 3401 
94150 3555 3304 
94200 3559 3231 
94250 3555 3106 
94300 3560 3073 
94350 3560 3011 
94400 3572 2918 
94450 3562 2906 
94500 3572 2875 
94550 3563 3330 
94600 3553 3508 
94650 3569 3551 
94700 3549 3522 
94750 3559 3537 
94800 3552 3524 
94850 3567 3543 
94900 3568 3532 
94950 3569 3544 
95000 3563 3538 
95050 3569 3495 
95100 3552 3413 
95150 3566 3291 
95200 3555 3263 
95250 3557 3196 
95300 3560 3151 
95350 3563 3116 
95400 3557 3054 
95450 3555 2959 
95500 3559 2899 
95550 3563 3329 
95600 3548 3490 
95650 3566 3528 
95700 3550 3515 
95750 3565 3519 
95800 3554 3520 
95850 3566 3546 
95900 3569 3548 
95950 3559 3531 
96000 3577 3544 
96050 3569 3509 
96100 3551 3446 
96150 3556 3393 
96200 3552 3293 
96250 3568 3258 
96300 3554 3230 
96350 3550 3137 
96400 3548 3157 
96450 3572 3148 
96500 3574 3110 
96550 3562 3402 
96600 3557 3504 
96650 3561 3534 
96700 3555 3524 
96750 3561 3530 
96800 3554 3534 
96850 3547 3533 
96900 3556 3525 
96950 3549 3522 
97000 3557 3542 
97050 3561 3524 
97100 3571 3491 
97150 3567 3439 
97200 3556 3323 
97250 3562 3303 
97300 3559 3236 
97350 3560 3152 
97400 3561 3131 
97450 3562 3078 
97500 3567 3059 
97550 3570 3376 
97600 3565 3529 
97650 3569 3545 
97700 3573 3548 
97750 3570 3549 
97800 3565 3534 
97850 3558 3529 
97900 3556 3539 
97950 3564 3555 
98000 3552 3530 
98050 3554 3482 
98100 3556 3417 
98150 3575 3351 
98200 3562 3284 
98250 3556 3226 
98300 3564 3152 
98350 3573 3126 
98400 3570 3092 
98450 3567 2993 
98500 3576 2945 
98550 3568 3311 
98600 3569 3496 
98650 3566 3533 
98700 3556 3525 
98750 3564 3553 
98800 3550 3527 
98850 3579 3546 
98900 3555 3548 
98950 3559 3529 
99000 3553 3524 
99050 3568 3494 
99100 3576 3448 
99150 3566 3351 
99200 3564 3269 
99250 3558 3245 
99300 3564 3213 
99350 3565 3150 
99400 3569 3068 
99450 3570 2985 
99500 3558 2882 
99550 3562 3374 
99600 3566 3511 
99650 3574 3536 
99700 3575 3549 
99750 3555 3534 
99800 3571 3548 
99850 3553 3534 
99900 3572 3555 
99950 3564 3526 
100000 3558 3528 
100050 3561 3497 
100100 3564 3475 
100150 3563 3398 
100200 3568 3330 
100250 3559 3246 
100300 3563 3228 
100350 3543 3126 
100400 3563 3079 
100450 3573 3012 
100500 3560 2904 
100550 3562 3339 
100600 3557 3504 
100650 3562 3539 
100700 3548 3518 
100750 3547 3525 
100800 3552 3523 
100850 3556 3535 
100900 3552 3515 
100950 3564 3542 
101000 3566 3537 
101050 3557 3515 
101100 3567 3445 
101150 3559 3358 
101200 3564 3302 
101250 3562 3221 
101300 3565 3140 
101350 3566 3149 
101400 3561 3070 
101450 3558 2982 
101500 3565 3000 
101550 3566 3378 
101600 3556 3494 
101650 3562 3528 
101700 3561 3541 
101750 3557 3531 
101800 3565 3524 
101850 3567 3548 
101900 3559 3541 
101950 3563 3540 
102000 3540 3516 
102050 3560 3483 
102100 3563 3438 
102150 3577 3393 
102200 3558 3308 
102250 3560 3246 
102300 3547 3197 
102350 3563 3134 
102400 3563 3056 
102450 3553 2980 
102500 3567 2918 
102550 3574 3371 
102600 3564 3507 
102650 3555 3535 
102700 3558 3527 
102750 3555 3544 
102800 3556 3526 
102850 3558 3534 
102900 3562 3536 
102950 3559 3548 
103000 3562 3535 
103050 3549 3477 
103100 3557 3393 
103150 3539 3287 
103200 3553 3225 
103250 3555 3182 
103300 3563 3127 
103350 3572 3053 
103400 3570 2994 
103450 3565 2921 
103500 3565 2842 
103550 3557 3289 
103600 3557 3490 
103650 3554 3519 
103700 3557 3522 
103750 3557 3510 
103800 3566 3535 
103850 3563 3539 
103900 3565 3532 
103950 3563 3536 
104000 3567 3538 
104050 3567 3494 
104100 3562 3383 
104150 3557 3316 
104200 3537 3200 
104250 3541 3127 
104300 3553 3010 
104350 3560 3024 
104400 3558 2925 
104450 3570 2823 
104500 3560 2701 
104550 3541 3229 
104600 3564 3474 
104650 3558 3523 
104700 3562 3535 
104750 3546 3518 
104800 3558 3536 
104850 3575 3551 
104900 3565 3536 
104950 3550 3515 
105000 3559 3532 
105050 3558 3481 
105100 3549 3378 
105150 3562 3315 
105200 3557 3255 
105250 3553 3199 
105300 3559 3187 
105350 3559 3083 
105400 3555 2980 
105450 3553 2839 
105500 3557 2762 
105550 3565 3309 
105600 3571 3501 
105650 3567 3537 
105700 3570 3546 
105750 3544 3520 
105800 3558 3526 
105850 3568 3538 
105900 3557 3524 
105950 3551 3524 
106000 3555 3514 
106050 3561 3460 
106100 3560 3384 
106150 3553 3301 
106200 3556 3128 
106250 3573 3060 
106300 3548 2948 
106350 3550 2909 
106400 3551 2790 
106450 3563 2806 
106500 3550 2768 
106550 3565 3315 
106600 3554 3499 
106650 3573 3543 
106700 3566 3535 
106750 3559 3509 
106800 3559 3524 
106850 3568 3527 
106900 3558 3524 
106950 3567 3524 
107000 3547 3515 
107050 3557 3466 
107100 3559 3382 
107150 3558 3363 
107200 3551 3286 
107250 3558 3215 
107300 3555 3129 
107350 3571 3100 
107400 3547 3032 
107450 3553 2894 
107500 3577 2857 
107550 3554 3337 
107600 3563 3503 
107650 3564 3514 
107700 3559 3530 
107750 3547 3524 
107800 3552 3519 
107850 3562 3528 
107900 3569 3528 
107950 3562 3531 
108000 3559 3526 
108050 3560 3454 
108100 3551 3339 
108150 3561 3281 
108200 3560 3261 
108250 3543 3196 
108300 3556 3141 
108350 3549 3057 
108400 3559 3004 
108450 3564 2932 
108500 3551 2918 
108550 3548 3306 
108600 3558 3489 
108650 3555 3505 
108700 3554 3514 
108750 3541 3487 
108800 3555 3518 
108850 3556 3523 
108900 3556 3511 
108950 3562 3533 
109000 3551 3526 
109050 3549 3467 
109100 3556 3381 
109150 3561 3281 
109200 3550 3166 
109250 3545 3068 
109300 3550 3026 
109350 3548 2952 
109400 3557 2885 
109450 3567 2812 
109500 3571 2780 
109550 3551 3252 
109600 3552 3479 
109650 3567 3523 
109700 3560 3528 
109750 3544 3516 
109800 3562 3531 
109850 3575 3539 
109900 3558 3530 
109950 3555 3514 
110000 3559 3528 
110050 3553 3468 
110100 3564 3395 
110150 3558 3311 
110200 3557 3258 
110250 3561 3220 
110300 3546 3128 
110350 3547 3054 
110400 3573 2972 
110450 3577 2858 
110500 3566 2795 
110550 3568 3336 
110600 3552 3517 
110650 3569 3531 
110700 3547 3522 
110750 3562 3526 
110800 3556 3518 
110850 3556 3525 
110900 3546 3511 
110950 3558 3518 
111000 3549 3511 
111050 3548 3461 
111100 3561 3416 
111150 3554 3378 
111200 3559 3314 
111250 3555 3217 
111300 3562 3096 
111350 3563 2977 
111400 3560 2949 
111450 3556 2887 
111500 3548 2873 
111550 3541 3337 
111600 3572 3515 
111650 3558 3526 
111700 3563 3521 
111750 3564 3527 
111800 3559 3532 
111850 3547 3529 
111900 3548 3515 
111950 3565 3533 
112000 3563 3536 
112050 3559 3494 
112100 3554 3387 
112150 3551 3268 
112200 3562 3195 
112250 3556 3081 
112300 3548 3061 
112350 3562 2920 
112400 3563 2863 
112450 3570 2836 
112500 3560 2767 
112550 3553 3345 
112600 3565 3508 
112650 3542 3512 
112700 3556 3524 
112750 3543 3502 
112800 3558 3533 
112850 3563 3537 
112900 3551 3515 
112950 3572 3540 
113000 3550 3519 
113050 3556 3461 
113100 3559 3366 
113150 3569 3317 
113200 3558 3205 
113250 3560 3080 
113300 3552 3038 
113350 3582 2885 
113400 3546 2769 
113450 3548 2740 
113500 3557 2703 
113550 3559 3241 
113600 3554 3463 
113650 3558 3518 
113700 3558 3537 
113750 3557 3509 
113800 3563 3531 
113850 3559 3522 
113900 3549 3528 
113950 3558 3528 
114000 3556 3528 
114050 3552 3469 
114100 3567 3366 
114150 3548 3296 
114200 3559 3198 
114250 3563 3137 
114300 3563 3074 
114350 3552 3093 
114400 3553 3019 
114450 3556 2939 
114500 3562 2921 
114550 3561 3328 
114600 3560 3493 
114650 3565 3523 
114700 3557 3524 
114750 3565 3539 
114800 3556 3519 
114850 3563 3543 
114900 3555 3523 
114950 3546 3506 
115000 3557 3520 
115050 3564 3485 
115100 3570 3419 
115150 3547 3311 
115200 3553 3260 
115250 3551 3153 
115300 3549 3020 
115350 3559 2952 
115400 3547 2889 
115450 3549 2830 
115500 3568 2840 
115550 3553 3318 
115600 3558 3511 
115650 3573 3543 
115700 3544 3518 
115750 3559 3524 
115800 3564 3518 
115850 3545 3511 
115900 3553 3529 
115950 3561 3529 
116000 3551 3517 
116050 3554 3468 
116100 3562 3349 
116150 3554 3246 
116200 3562 3174 
116250 3562 3146 
116300 3560 3035 
116350 3564 3003 
116400 3541 2848 
116450 3556 2797 
116500 3543 2711 
116550 3567 3316 
116600 3569 3503 
116650 3544 3513 
116700 3560 3526 
116750 3549 3528 
116800 3550 3518 
116850 3568 3531 
116900 3549 3517 
116950 3570 3542 
117000 3541 3509 
117050 3557 3498 
117100 3561 3383 
117150 3565 3277 
117200 3546 3193 
117250 3565 3101 
117300 3562 2971 
117350 3550 2890 
117400 3567 2841 
117450 3551 2748 
117500 3549 2686 
117550 3564 3212 
117600 3565 3464 
117650 3571 3520 
117700 3558 3527 
117750 3556 3535 
117800 3543 3507 
117850 3569 3537 
117900 3561 3530 
117950 3561 3510 
118000 3561 3534 
118050 3562 3491 
118100 3544 3366 
118150 3555 3292 
118200 3559 3145 
118250 3560 3044 
118300 3540 2936 
118350 3550 2982 
118400 3549 2913 
118450 3544 2873 
118500 3556 2730 
118550 3554 3295 
118600 3558 3483 
118650 3566 3528 
118700 3572 3521 
118750 3552 3520 
118800 3558 3537 
118850 3555 3523 
118900 3551 3524 
118950 3560 3538 
119000 3558 3528 
119050 3553 3429 
119100 3573 3352 
119150 3566 3246 
119200 3557 3140 
119250 3555 3094 
119300 3556 3002 
119350 3560 2972 
119400 3559 2855 
119450 3557 2758 
119500 3550 2628 
119550 3558 3274 
119600 3554 3479 
119650 3562 3522 
119700 3549 3511 
119750 3559 3515 
119800 3554 3509 
119850 3546 3506 
119900 3548 3516 
119950 3559 3525 
120000 3555 3513 
120050 3562 3456 
120100 3554 3397 
120150 3556 3297 
120200 3556 3177 
120250 3566 3095 
120300 3558 3028 
120350 3557 2958 
120400 3559 2848 
120450 3561 2829 
120500 3558 2768 
120550 3547 3321 
120600 3560 3519 
120650 3579 3557 
120700 3562 3522 
120750 3571 3529 
120800 3555 3509 
120850 3569 3537 
120900 3553 3523 
120950 3557 3527 
121000 3551 3512 
121050 3550 3479 
121100 3557 3409 
121150 3554 3370 
121200 3572 3284 
121250 3559 3224 
121300 3562 3154 
121350 3563 3081 
121400 3565 3040 
121450 3554 2921 
121500 3570 2871 
121550 3556 3336 
121600 3561 3518 
121650 3568 3542 
121700 3554 3530 
121750 3566 3523 
121800 3571 3540 
121850 3588 3546 
121900 3545 3502 
121950 3562 3538 
122000 3559 3529 
122050 3559 3488 
122100 3566 3450 
122150 3570 3361 
122200 3561 3266 
122250 3551 3154 
122300 3569 3063 
122350 3564 2909 
122400 3559 2839 
122450 3560 2786 
122500 3557 2725 
122550 3548 3263 
122600 3560 3481 
122650 3564 3531 
122700 3565 3540 
122750 3564 3527 
122800 3562 3549 
122850 3562 3536 
122900 3547 3511 
122950 3572 3534 
123000 3562 3523 
123050 3549 3494 
123100 3571 3443 
123150 3557 3363 
123200 3550 3284 
123250 3548 3234 
123300 3566 3204 
123350 3559 3148 
123400 3563 3168 
123450 3561 3087 
123500 3574 3049 
123550 3565 3403 
123600 3568 3517 
123650 3559 3517 
123700 3579 3545 
123750 3566 3542 
123800 3556 3518 
123850 3558 3533 
123900 3553 3528 
123950 3569 3548 
124000 3562 3539 
124050 3565 3502 
124100 3567 3451 
124150 3565 3339 
124200 3575 3265 
124250 3548 3187 
124300 3570 3138 
124350 3569 3089 
124400 3555 3044 
124450 3551 2949 
124500 3562 2899 
124550 3567 3324 
124600 3563 3512 
124650 3569 3535 
124700 3568 3532 
124750 3575 3538 
124800 3552 3527 
124850 3562 3521 
124900 3571 3533 
124950 3562 3519 
125000 3566 3532 
125050 3564 3487 
125100 3569 3427 
125150 3557 3340 
125200 3580 3269 
125250 3562 3198 
125300 3558 3115 
125350 3570 3014 
125400 3566 2962 
125450 3555 2845 
125500 3568 2733 
125550 3560 3268 
125600 3562 3485 
125650 3563 3520 
125700 3559 3517 
125750 3562 3521 
125800 3557 3525 
125850 3564 3534 
125900 3565 3548 
125950 3552 3526 
126000 3561 3522 
126050 3565 3496 
126100 3568 3411 
126150 3575 3375 
126200 3563 3275 
126250 3563 3253 
126300 3572 3222 
126350 3565 3095 
126400 3553 2926 
126450 3549 2815 
126500 3560 2768 
126550 3565 3257 
126600 3556 3468 
126650 3562 3514 
126700 3556 3540 
126750 3556 3530 
126800 3552 3527 
126850 3556 3530 
126900 3557 3526 
126950 3554 3533 
127000 3553 3525 
127050 3560 3491 
127100 3563 3420 
127150 3553 3369 
127200 3537 3266 
127250 3542 3180 
127300 3567 3116 
127350 3562 2991 
127400 3573 2969 
127450 3565 2950 
127500 3559 2866 
127550 3543 3316 
127600 3563 3491 
127650 3560 3507 
127700 3560 3532 
127750 3575 3547 
127800 3563 3537 
127850 3577 3549 
127900 3565 3539 
127950 3576 3539 
128000 3564 3536 
128050 3572 3498 
128100 3568 3457 
128150 3561 3353 
128200 3573 3349 
128250 3559 3260 
128300 3546 3189 
128350 3559 3135 
128400 3559 3044 
128450 3571 3012 
128500 3565 3013 
128550 3553 3376 
128600 3554 3514 
128650 3566 3526 
128700 3558 3517 
128750 3564 3533 
128800 3550 3515 
128850 3552 3520 
128900 3558 3531 
128950 3577 3537 
129000 3558 3516 
129050 3557 3464 
129100 3566 3371 
129150 3554 3246 
129200 3552 3208 
129250 3571 3177 
129300 3569 3137 
129350 3565 3093 
129400 3567 3034 
129450 3560 2981 
129500 3566 2880 
129550 3556 3337 
129600 3565 3513 
129650 3569 3527 
129700 3569 3547 
129750 3559 3529 
129800 3570 3538 
129850 3571 3547 
129900 3573 3547 
129950 3558 3525 
130000 3567 3522 
130050 3546 3469 
130100 3558 3437 
130150 3558 3372 
130200 3551 3252 
130250 3555 3170 
130300 3559 3063 
130350 3547 3005 
130400 3551 2938 
130450 3558 2921 
130500 3572 2860 
130550 3557 3287 
130600 3550 3474 
130650 3556 3530 
130700 3546 3518 
130750 3551 3518 
130800 3573 3545 
130850 3568 3540 
130900 3567 3538 
130950 3557 3524 
131000 3566 3531 
131050 3560 3495 
131100 3564 3379 
131150 3555 3332 
131200 3555 3244 
131250 3562 3235 
131300 3577 3120 
131350 3562 3043 
131400 3563 2991 
131450 3553 2910 
131500 3566 2836 
131550 3551 3368 
131600 3564 3507 
131650 3554 3522 
131700 3552 3524 
131750 3550 3518 
131800 3562 3528 
131850 3551 3508 
131900 3574 3537 
131950 3576 3544 
132000 3547 3506 
132050 3557 3474 
132100 3563 3378 
132150 3547 3275 
132200 3568 3259 
132250 3572 3207 
132300 3563 3071 
132350 3559 2985 
132400 3564 2892 
132450 3568 2861 
132500 3571 2817 
132550 3565 3289 
132600 3560 3478 
132650 3570 3531 
132700 3558 3533 
132750 3560 3537 
132800 3571 3536 
132850 3564 3534 
132900 3568 3543 
132950 3561 3526 
133000 3560 3507 
133050 3569 3511 
133100 3551 3428 
133150 3554 3360 
133200 3561 3301 
133250 3572 3238 
133300 3571 3206 
133350 3564 3118 
133400 3555 3022 
133450 3564 2948 
133500 3564 2901 
133550 3562 3320 
133600 3560 3485 
133650 3569 3529 
133700 3565 3519 
133750 3561 3522 
133800 3572 3537 
133850 3556 3533 
133900 3557 3530 
133950 3566 3547 
134000 3567 3538 
134050 3563 3493 
134100 3559 3402 
134150 3567 3301 
134200 3571 3227 
134250 3569 3190 
134300 3563 3170 
134350 3558 3159 
134400 3556 3128 
134450 3563 3079 
134500 3567 2991 
134550 3565 3362 
134600 3544 3486 
134650 3563 3538 
134700 3566 3535 
134750 3553 3521 
134800 3566 3526 
134850 3573 3545 
134900 3572 3540 
134950 3566 3533 
135000 3570 3536 
135050 3560 3483 
135100 3567 3372 
135150 3559 3254 
135200 3561 3228 
135250 3568 3248 
135300 3557 3192 
135350 3564 3174 
135400 3566 3111 
135450 3570 2947 
135500 3559 2905 
135550 3562 3280 
135600 3565 3479 
135650 3553 3525 
135700 3558 3526 
135750 3564 3519 
135800 3570 3536 
135850 3576 3541 
135900 3559 3551 
135950 3572 3531 
136000 3561 3540 
136050 3562 3512 
136100 3566 3462 
136150 3558 3361 
136200 3557 3296 
136250 3555 3202 
136300 3552 3011 
136350 3551 2923 
136400 3559 2855 
136450 3546 2759 
136500 3560 2764 
136550 3555 3321 
136600 3540 3473 
136650 3566 3524 
136700 3580 3554 
136750 3558 3524 
136800 3561 3526 
136850 3564 3527 
136900 3565 3533 
136950 3555 3528 
137000 3565 3525 
137050 3572 3483 
137100 3572 3432 
137150 3557 3348 
137200 3562 3277 
137250 3561 3192 
137300 3553 3156 
137350 3569 3071 
137400 3551 3014 
137450 3566 2959 
137500 3560 2910 
137550 3563 3319 
137600 3543 3472 
137650 3564 3513 
137700 3569 3542 
137750 3567 3538 
137800 3554 3524 
137850 3548 3517 
137900 3557 3526 
137950 3556 3528 
138000 3571 3539 
138050 3557 3483 
138100 3547 3399 
138150 3562 3276 
138200 3550 3216 
138250 3553 3178 
138300 3557 3109 
138350 3559 3090 
138400 3570 3046 
138450 3561 2966 
138500 3556 2907 
138550 3549 3372 
138600 3553 3499 
138650 3550 3512 
138700 3562 3534 
138750 3571 3516 
138800 3554 3528 
138850 3556 3532 
138900 3556 3522 
138950 3560 3525 
139000 3565 3537 
139050 3559 3495 
139100 3558 3411 
139150 3570 3402 
139200 3565 3292 
139250 3558 3192 
139300 3554 3139 
139350 3572 3068 
139400 3563 2997 
139450 3564 2880 
139500 3566 2801 
139550 3556 3277 
139600 3566 3495 
139650 3547 3507 
139700 3576 3546 
139750 3552 3535 
139800 3567 3550 
139850 3550 3513 
139900 3555 3516 
139950 3535 3497 
140000 3565 3526 
140050 3558 3476 
140100 3550 3379 
140150 3564 3312 
140200 3543 3181 
140250 3553 3097 
140300 3563 3037 
140350 3569 2962 
140400 3562 2879 
140450 3554 2765 
140500 3563 2725 
140550 3565 3285 
140600 3557 3469 
140650 3561 3529 
140700 3550 3516 
140750 3553 3509 
140800 3565 3536 
140850 3558 3524 
140900 3558 3526 
140950 3550 3531 
141000 3567 3542 
141050 3561 3472 
141100 3562 3404 
141150 3562 3317 
141200 3566 3248 
141250 3558 3158 
141300 3557 3021 
141350 3564 2930 
141400 3554 2900 
141450 3558 2861 
141500 3565 2768 
141550 3559 3307 
141600 3556 3493 
141650 3571 3529 
141700 3567 3541 
141750 3551 3527 
141800 3570 3537 
141850 3555 3521 
141900 3553 3522 
141950 3562 3534 
142000 3550 3515 
142050 3564 3470 
142100 3552 3403 
142150 3566 3358 
142200 3552 3263 
142250 3555 3256 
142300 3561 3150 
142350 3550 3023 
142400 3546 2946 
142450 3562 2874 
142500 3559 2822 
142550 3549 3291 
142600 3555 3510 
142650 3562 3534 
142700 3567 3521 
142750 3539 3499 
142800 3555 3522 
142850 3553 3513 
142900 3560 3529 
142950 3560 3507 
143000 3573 3542 
143050 3567 3453 
143100 3570 3357 
143150 3565 3264 
143200 3552 3165 
143250 3561 3059 
143300 3556 2945 
143350 3559 2867 
143400 3553 2807 
143450 3560 2738 
143500 3573 2614 
143550 3557 3234 
143600 3553 3495 
143650 3555 3514 
143700 3558 3523 
143750 3549 3508 
143800 3561 3523 
143850 3560 3537 
143900 3564 3517 
143950 3563 3537 
144000 3563 3539 
144050 3533 3461 
144100 3555 3386 
144150 3551 3299 
144200 3550 3265 
144250 3558 3197 
144300 3553 3071 
144350 3544 2981 
144400 3567 2877 
144450 3548 2828 
144500 3564 2833 
144550 3556 3353 
144600 3562 3504 
144650 3554 3523 
144700 3559 3513 
144750 3550 3520 
144800 3565 3530 
144850 3555 3520 
144900 3566 3539 
144950 3561 3526 
145000 3564 3519 
145050 3568 3471 
145100 3548 3381 
145150 3564 3307 
145200 3563 3172 
145250 3554 3081 
145300 3547 3061 
145350 3548 2963 
145400 3567 2856 
145450 3542 2783 
145500 3569 2730 
145550 3559 3241 
145600 3569 3468 
145650 3569 3535 
145700 3565 3544 
145750 3568 3526 
145800 3568 3532 
145850 3554 3531 
145900 3564 3532 
145950 3566 3530 
146000 3561 3523 
146050 3566 3487 
146100 3549 3377 
146150 3562 3305 
146200 3564 3225 
146250 3552 3115 
146300 3557 3015 
146350 3558 2932 
146400 3558 2861 
146450 3565 2764 
146500 3564 2730 
146550 3547 3296 
146600 3546 3483 
146650 3566 3518 
146700 3559 3532 
146750 3566 3528 
146800 3541 3505 
146850 3562 3516 
146900 3561 3534 
146950 3560 3519 
147000 3568 3535 
147050 3554 3489 
147100 3556 3405 
147150 3567 3313 
147200 3566 3238 
147250 3566 3194 
147300 3567 3106 
147350 3573 2987 
147400 3567 2880 
147450 3559 2779 
147500 3565 2669 
147550 3544 3256 
147600 3548 3496 
147650 3570 3534 
147700 3550 3516 
147750 3566 3521 
147800 3545 3507 
147850 3555 3508 
147900 3567 3528 
147950 3551 3510 
148000 3555 3519 
148050 3556 3457 
148100 3569 3385 
148150 3555 3246 
148200 3559 3214 
148250 3562 3147 
148300 3565 3036 
148350 3559 2963 
148400 3561 2974 
148450 3561 2967 
148500 3563 2856 
148550 3563 3350 
148600 3552 3488 
148650 3567 3533 
148700 3546 3522 
148750 3546 3520 
148800 3551 3510 
148850 3540 3507 
148900 3549 3517 
148950 3548 3534 
149000 3552 3522 
149050 3569 3493 
149100 3558 3379 
149150 3552 3313 
149200 3559 3229 
149250 3558 3121 
149300 3575 3044 
149350 3560 2976 
149400 3561 2920 
149450 3556 2824 
149500 3571 2698 
149550 3560 3317 
149600 3560 3495 
149650 3543 3503 
149700 3566 3538 
149750 3560 3540 
149800 3559 3536 
149850 3554 3530 
149900 3562 3515 
149950 3564 3518 
150000 3573 3549 
150050 3561 3473 
150100 3558 3409 
150150 3544 3318 
150200 3549 3266 
150250 3560 3221 
150300 3558 3151 
150350 3566 3100 
150400 3563 3005 
150450 3560 2882 
150500 3556 2833 
150550 3560 3310 
150600 3559 3509 
150650 3546 3522 
150700 3541 3523 
150750 3561 3525 
150800 3552 3527 
150850 3554 3517 
150900 3561 3532 
150950 3544 3514 
151000 3551 3514 
151050 3544 3465 
151100 3550 3414 
151150 3551 3275 
151200 3550 3215 
151250 3556 3129 
151300 3558 3067 
151350 3566 3015 
151400 3574 2902 
151450 3561 2847 
151500 3546 2767 
151550 3561 3304 
151600 3562 3499 
151650 3561 3541 
151700 3564 3539 
151750 3557 3529 
151800 3559 3532 
151850 3560 3519 
151900 3564 3520 
151950 3547 3515 
152000 3548 3516 
152050 3553 3479 
152100 3561 3375 
152150 3554 3280 
152200 3558 3224 
152250 3555 3156 
152300 3557 3151 
152350 3556 3046 
152400 3566 3012 
152450 3555 2933 
152500 3553 2834 
152550 3550 3356 
152600 3542 3494 
152650 3545 3507 
152700 3544 3519 
152750 3557 3518 
152800 3547 3523 
152850 3560 3526 
152900 3541 3511 
152950 3551 3504 
153000 3563 3541 
153050 3560 3480 
153100 3551 3442 
153150 3547 3399 
153200 3546 3305 
153250 3557 3241 
153300 3553 3160 
153350 3539 3113 
153400 3559 3087 
153450 3560 3001 
153500 3566 2934 
153550 3553 3362 
153600 3553 3489 
153650 3558 3543 
153700 3556 3537 
153750 3555 3533 
153800 3540 3508 
153850 3560 3537 
153900 3567 3534 
153950 3566 3535 
154000 3569 3550 
154050 3580 3544 
154100 3561 3464 
154150 3565 3369 
154200 3547 3250 
154250 3548 3141 
154300 3558 3117 
154350 3559 3035 
154400 3551 2983 
154450 3556 2899 
154500 3569 2852 
154550 3567 3318 
154600 3562 3487 
154650 3570 3544 
154700 3552 3532 
154750 3560 3532 
154800 3549 3525 
154850 3555 3519 
154900 3552 3517 
154950 3545 3515 
155000 3561 3524 
155050 3549 3453 
155100 3560 3397 
155150 3560 3322 
155200 3539 3156 
155250 3577 3159 
155300 3554 3071 
155350 3565 2983 
155400 3545 2951 
155450 3566 2963 
155500 3567 2953 
155550 3561 3356 
155600 3568 3518 
155650 3562 3536 
155700 3560 3521 
155750 3551 3514 
155800 3560 3518 
155850 3571 3555 
155900 3551 3520 
155950 3547 3521 
156000 3569 3542 
156050 3559 3479 
156100 3574 3446 
156150 3566 3339 
156200 3549 3295 
156250 3556 3210 
156300 3564 3196 
156350 3540 3075 
156400 3546 2996 
156450 3552 2978 
156500 3555 2893 
156550 3543 3317 
156600 3544 3495 
156650 3566 3521 
156700 3555 3519 
156750 3552 3519 
156800 3555 3529 
156850 3554 3520 
156900 3561 3547 
156950 3558 3537 
157000 3558 3538 
157050 3561 3494 
157100 3566 3473 
157150 3561 3387 
157200 3547 3281 
157250 3568 3209 
157300 3570 3240 
157350 3567 3144 
157400 3572 3090 
157450 3559 3000 
157500 3557 2962 
157550 3558 3372 
157600 3567 3514 
157650 3554 3518 
157700 3562 3527 
157750 3569 3540 
157800 3556 3521 
157850 3558 3537 
157900 3550 3524 
157950 3566 3529 
158000 3565 3538 
158050 3552 3469 
158100 3551 3371 
158150 3555 3308 
158200 3558 3224 
158250 3551 3135 
158300 3551 3016 
158350 3563 2963 
158400 3555 2884 
158450 3547 2831 
158500 3558 2754 
158550 3540 3287 
158600 3552 3491 
158650 3559 3537 
158700 3562 3528 
158750 3564 3539 
158800 3564 3538 
158850 3562 3520 
158900 3560 3522 
158950 3569 3543 
159000 3573 3532 
159050 3559 3467 
159100 3555 3406 
159150 3553 3346 
159200 3557 3269 
159250 3559 3221 
159300 3560 3169 
159350 3547 3151 
159400 3551 3115 
159450 3544 3023 
159500 3551 2936 
159550 3556 3342 
159600 3560 3504 
159650 3561 3520 
159700 3554 3514 
159750 3565 3539 
159800 3547 3525 
159850 3574 3552 
159900 3541 3503 
159950 3540 3512 
160000 3552 3511 
160050 3562 3483 
160100 3562 3367 
160150 3566 3243 
160200 3558 3201 
160250 3559 3127 
160300 3561 3095 
160350 3552 3019 
160400 3554 2910 
160450 3557 2859 
160500 3565 2855 
160550 3572 3342 
160600 3540 3481 
160650 3557 3532 
160700 3561 3524 
160750 3570 3538 
160800 3554 3528 
160850 3542 3512 
160900 3548 3522 
160950 3540 3517 
161000 3566 3532 
161050 3562 3483 
161100 3545 3412 
161150 3546 3337 
161200 3525 3269 
161250 3542 3174 
161300 3542 3147 
161350 3567 3047 
161400 3555 2950 
161450 3536 2887 
161500 3554 2805 
161550 3532 3295 
161600 3561 3501 
161650 3556 3522 
161700 3563 3534 
161750 3553 3526 
161800 3559 3508 
161850 3566 3514 
161900 3573 3539 
161950 3549 3508 
162000 3542 3508 
162050 3548 3451 
162100 3555 3390 
162150 3556 3309 
162200 3546 3222 
162250 3556 3152 
162300 3565 3054 
162350 3550 2991 
162400 3553 2953 
162450 3546 2818 
162500 3567 2820 
162550 3549 3278 
162600 3552 3482 
162650 3546 3522 
162700 3558 3529 
162750 3551 3509 
162800 3553 3518 
162850 3545 3507 
162900 3561 3522 
162950 3563 3529 
163000 3564 3520 
163050 3560 3469 
163100 3546 3411 
163150 3550 3339 
163200 3561 3299 
163250 3573 3219 
163300 3545 3138 
163350 3550 3040 
163400 3567 2993 
163450 3554 3007 
163500 3560 2960 
163550 3548 3329 
163600 3550 3499 
163650 3551 3510 
163700 3556 3539 
163750 3564 3535 
163800 3558 3530 
163850 3545 3521 
163900 3559 3540 
163950 3553 3536 
164000 3565 3537 
164050 3545 3495 
164100 3554 3460 
164150 3557 3388 
164200 3559 3331 
164250 3544 3299 
164300 3557 3210 
164350 3558 3096 
164400 3538 2999 
164450 3553 2908 
164500 3546 2836 
164550 3563 3333 
164600 3554 3499 
164650 3549 3528 
164700 3552 3533 
164750 3559 3525 
164800 3546 3507 
164850 3561 3524 
164900 3563 3528 
164950 3561 3533 
165000 3559 3537 
165050 3547 3484 
165100 3554 3398 
165150 3543 3319 
165200 3552 3260 
165250 3541 3165 
165300 3556 3144 
165350 3562 3042 
165400 3558 3003 
165450 3558 2965 
165500 3568 2934 
165550 3557 3347 
165600 3567 3506 
165650 3558 3518 
165700 3552 3525 
165750 3559 3526 
165800 3539 3506 
165850 3541 3522 
165900 3549 3528 
165950 3539 3507 
166000 3542 3516 
166050 3541 3473 
166100 3546 3415 
166150 3547 3374 
166200 3537 3359 
166250 3549 3292 
166300 3534 3277 
166350 3542 3187 
166400 3560 3143 
166450 3549 3002 
166500 3558 3007 
166550 3551 3390 
166600 3555 3521 
166650 3560 3527 
166700 3546 3524 
166750 3560 3511 
166800 3553 3540 
166850 3563 3531 
166900 3554 3529 
166950 3558 3537 
167000 3557 3530 
167050 3544 3479 
167100 3553 3399 
167150 3567 3326 
167200 3564 3290 
167250 3552 3212 
167300 3560 3178 
167350 3555 3078 
167400 3559 2948 
167450 3548 2837 
167500 3557 2750 
167550 3558 3289 
167600 3546 3475 
167650 3544 3526 
167700 3546 3524 
167750 3552 3523 
167800 3537 3512 
167850 3554 3520 
167900 3549 3531 
167950 3562 3538 
168000 3557 3524 
168050 3550 3476 
168100 3542 3359 
168150 3554 3268 
168200 3559 3224 
168250 3560 3174 
168300 3545 3062 
168350 3542 3011 
168400 3543 2886 
168450 3543 2894 
168500 3552 2855 
168550 3557 3298 
168600 3543 3463 
168650 3560 3531 
168700 3531 3511 
168750 3557 3534 
168800 3562 3530 
168850 3545 3503 
168900 3543 3516 
168950 3547 3525 
169000 3545 3526 
169050 3567 3496 
169100 3551 3388 
169150 3564 3374 
169200 3554 3252 
169250 3558 3196 
169300 3566 3177 
169350 3560 3150 
169400 3541 3033 
169450 3558 2963 
169500 3552 2889 
169550 3539 3288 
169600 3547 3489 
169650 3551 3516 
169700 3552 3527 
169750 3549 3523 
169800 3551 3527 
169850 3549 3536 
169900 3564 3540 
169950 3552 3528 
170000 3546 3517 
170050 3546 3455 
170100 3563 3413 
170150 3545 3326 
170200 3558 3300 
170250 3563 3256 
170300 3549 3182 
170350 3550 3140 
170400 3549 3048 
170450 3553 2969 
170500 3548 2945 
170550 3555 3340 
170600 3546 3489 
170650 3561 3525 
170700 3567 3535 
170750 3564 3531 
170800 3560 3530 
170850 3562 3521 
170900 3557 3532 
170950 3560 3525 
171000 3550 3525 
171050 3554 3485 
171100 3551 3420 
171150 3561 3365 
171200 3553 3292 
171250 3548 3208 
171300 3546 3181 
171350 3561 3103 
171400 3557 3079 
171450 3557 3059 
171500 3539 3000 
171550 3542 3344 
171600 3559 3520 
171650 3566 3534 
171700 3556 3525 
171750 3553 3519 
171800 3551 3521 
171850 3541 3530 
171900 3558 3528 
171950 3569 3526 
172000 3553 3530 
172050 3559 3491 
172100 3560 3433 
172150 3559 3395 
172200 3543 3322 
172250 3545 3247 
172300 3558 3218 
172350 3554 3157 
172400 3554 3130 
172450 3557 3112 
172500 3564 3018 
172550 3566 3418 
172600 3542 3514 
172650 3548 3518 
172700 3550 3518 
172750 3550 3514 
172800 3551 3524 
172850 3555 3529 
172900 3554 3529 
172950 3549 3541 
173000 3558 3538 
173050 3553 3470 
173100 3554 3424 
173150 3554 3354 
173200 3561 3289 
173250 3546 3232 
173300 3576 3136 
173350 3549 2993 
173400 3567 2967 
173450 3569 2918 
173500 3562 2781 
173550 3565 3297 
173600 3543 3486 
173650 3542 3514 
173700 3555 3537 
173750 3563 3542 
173800 3562 3533 
173850 3556 3534 
173900 3558 3519 
173950 3550 3538 
174000 3558 3528 
174050 3557 3443 
174100 3561 3384 
174150 3548 3271 
174200 3564 3271 
174250 3563 3232 
174300 3555 3214 
174350 3550 3185 
174400 3548 3103 
174450 3558 3010 
174500 3569 2930 
174550 3540 3364 
174600 3547 3507 
174650 3560 3539 
174700 3534 3512 
174750 3556 3537 
174800 3555 3525 
174850 3559 3527 
174900 3551 3530 
174950 3544 3512 
175000 3574 3544 
175050 3566 3479 
175100 3553 3439 
175150 3559 3379 
175200 3546 3302 
175250 3565 3314 
175300 3556 3274 
175350 3548 3222 
175400 3559 3141 
175450 3560 3073 
175500 3561 3025 
175550 3547 3337 
175600 3557 3503 
175650 3554 3535 
175700 3559 3538 
175750 3558 3535 
175800 3570 3538 
175850 3563 3533 
175900 3563 3534 
175950 3556 3527 
176000 3537 3520 
176050 3551 3502 
176100 3554 3441 
176150 3557 3394 
176200 3544 3313 
176250 3562 3216 
176300 3557 3188 
176350 3559 3176 
176400 3555 3087 
176450 3554 3050 
176500 3548 2942 
176550 3569 3369 
176600 3561 3500 
176650 3572 3537 
176700 3557 3508 
176750 3547 3510 
176800 3555 3525 
176850 3559 3523 
176900 3567 3541 
176950 3560 3538 
177000 3537 3499 
177050 3546 3480 
177100 3557 3435 
177150 3568 3370 
177200 3563 3299 
177250 3551 3256 
177300 3555 3202 
177350 3561 3093 
177400 3559 2984 
177450 3561 2835 
177500 3560 2863 
177550 3554 3355 
177600 3561 3497 
177650 3562 3548 
177700 3555 3543 
177750 3549 3529 
177800 3545 3506 
177850 3556 3517 
177900 3566 3534 
177950 3563 3505 
178000 3555 3515 
178050 3557 3461 
178100 3570 3372 
178150 3561 3280 
178200 3555 3216 
178250 3568 3186 
178300 3557 3126 
178350 3558 3038 
178400 3566 2984 
178450 3561 2901 
178500 3550 2903 
178550 3541 3316 
178600 3567 3517 
178650 3568 3531 
178700 3561 3550 
178750 3554 3532 
178800 3547 3513 
178850 3527 3507 
178900 3546 3510 
178950 3564 3526 
179000 3574 3532 
179050 3557 3480 
179100 3558 3414 
179150 3561 3364 
179200 3564 3285 
179250 3554 3216 
179300 3569 3192 
179350 3567 3094 
179400 3559 3084 
179450 3543 3046 
179500 3554 3071 
179550 3547 3397 
179600 3538 3499 
179650 3568 3538 
179700 3558 3528 
179750 3548 3518 
179800 3551 3510 
179850 3541 3523 
179900 3545 3521 
179950 3559 3528 
180000 3554 3511 
180050 3560 3507 
180100 3543 3407 
180150 3562 3349 
180200 3567 3301 
180250 3553 3197 
180300 3547 3017 
180350 3554 2924 
180400 3562 2870 
180450 3564 2833 
180500 3571 2786 
180550 3555 3295 
180600 3548 3493 
180650 3552 3517 
180700 3567 3548 
180750 3557 3546 
180800 3561 3523 
180850 3550 3525 
180900 3541 3503 
180950 3545 3522 
181000 3561 3532 
181050 3560 3492 
181100 3558 3446 
181150 3568 3367 
181200 3563 3273 
181250 3553 3167 
181300 3562 3139 
181350 3561 3117 
181400 3580 3091 
181450 3542 3013 
181500 3551 2965 
181550 3548 3329 
181600 3567 3507 
181650 3569 3527 
181700 3563 3537 
181750 3550 3510 
181800 3566 3518 
181850 3542 3511 
181900 3559 3524 
181950 3559 3531 
182000 3561 3545 
182050 3562 3487 
182100 3550 3388 
182150 3568 3358 
182200 3556 3280 
182250 3553 3220 
182300 3569 3121 
182350 3566 2989 
182400 3548 2935 
182450 3551 2851 
182500 3547 2898 
182550 3555 3346 
182600 3556 3498 
182650 3551 3516 
182700 3552 3514 
182750 3560 3519 
182800 3538 3516 
182850 3554 3524 
182900 3568 3546 
182950 3562 3527 
183000 3569 3535 
183050 3556 3466 
183100 3562 3379 
183150 3532 3263 
183200 3544 3178 
183250 3558 3151 
183300 3562 3061 
183350 3565 2987 
183400 3560 3005 
183450 3560 2921 
183500 3562 2848 
183550 3552 3272 
183600 3567 3513 
183650 3548 3520 
183700 3558 3536 
183750 3545 3516 
183800 3563 3538 
183850 3560 3537 
183900 3558 3533 
183950 3553 3527 
184000 3560 3519 
184050 3557 3489 
184100 3562 3385 
184150 3560 3335 
184200 3547 3236 
184250 3550 3148 
184300 3555 3082 
184350 3546 2969 
184400 3553 2928 
184450 3558 2820 
184500 3558 2778 
184550 3532 3269 
184600 3556 3488 
184650 3558 3537 
184700 3561 3532 
184750 3551 3530 
184800 3566 3518 
184850 3554 3532 
184900 3552 3515 
184950 3546 3520 
185000 3550 3518 
185050 3546 3472 
185100 3553 3398 
185150 3566 3328 
185200 3559 3271 
185250 3572 3187 
185300 3571 3060 
185350 3565 3060 
185400 3555 3094 
185450 3562 3045 
185500 3549 3013 
185550 3560 3403 
185600 3561 3509 
185650 3562 3521 
185700 3557 3521 
185750 3557 3513 
185800 3564 3519 
185850 3570 3539 
185900 3533 3510 
185950 3561 3515 
186000 3551 3511 
186050 3559 3491 
186100 3563 3402 
186150 3548 3293 
186200 3554 3215 
186250 3558 3194 
186300 3553 3121 
186350 3552 3002 
186400 3559 2990 
186450 3553 2940 
186500 3566 2847 
186550 3564 3268 
186600 3548 3470 
186650 3551 3520 
186700 3554 3521 
186750 3574 3546 
186800 3572 3541 
186850 3566 3543 
186900 3553 3527 
186950 3561 3528 
187000 3562 3536 
187050 3552 3503 
187100 3557 3448 
187150 3559 3365 
187200 3562 3296 
187250 3545 3179 
187300 3543 3095 
187350 3547 3021 
187400 3563 2963 
187450 3562 2933 
187500 3552 2857 
187550 3546 3329 
187600 3549 3497 
187650 3564 3527 
187700 3556 3538 
187750 3552 3516 
187800 3569 3540 
187850 3551 3508 
187900 3561 3519 
187950 3555 3520 
188000 3556 3522 
188050 3573 3493 
188100 3557 3395 
188150 3550 3315 
188200 3558 3262 
188250 3555 3158 
188300 3559 3136 
188350 3539 3043 
188400 3565 3006 
188450 3562 2908 
188500 3555 2860 
188550 3553 3331 
188600 3560 3518 
188650 3553 3538 
188700 3556 3523 
188750 3563 3528 
188800 3555 3527 
188850 3546 3502 
188900 3560 3537 
188950 3549 3516 
189000 3549 3528 
189050 3566 3487 
189100 3544 3348 
189150 3564 3310 
189200 3553 3186 
189250 3554 3152 
189300 3565 3179 
189350 3560 3140 
189400 3549 3005 
189450 3548 3017 
189500 3567 2982 
189550 3570 3375 
189600 3544 3496 
189650 3547 3530 
189700 3569 3549 
189750 3547 3526 
189800 3564 3532 
189850 3563 3539 
189900 3553 3528 
189950 3545 3521 
190000 3557 3522 
190050 3564 3466 
190100 3559 3371 
190150 3554 3303 
190200 3539 3249 
190250 3550 3155 
190300 3547 3091 
190350 3554 3007 
190400 3564 2904 
190450 3556 2756 
190500 3564 2626 
190550 3563 3238 
190600 3554 3483 
190650 3563 3531 
190700 3555 3529 
190750 3557 3522 
190800 3560 3531 
190850 3560 3527 
190900 3556 3517 
190950 3543 3513 
191000 3551 3523 
191050 3568 3488 
191100 3553 3405 
191150 3550 3347 
191200 3551 3247 
191250 3568 3224 
191300 3545 3096 
191350 3556 3075 
191400 3565 2991 
191450 3558 2908 
191500 3550 2859 
191550 3551 3294 
191600 3556 3476 
191650 3562 3537 
191700 3552 3516 
191750 3548 3522 
191800 3545 3520 
191850 3575 3545 
191900 3549 3501 
191950 3555 3512 
192000 3557 3535 
192050 3551 3467 
192100 3564 3432 
192150 3565 3375 
192200 3562 3298 
192250 3529 3246 
192300 3549 3217 
192350 3552 3167 
192400 3555 3126 
192450 3549 3097 
192500 3563 2966 
192550 3549 3334 
192600 3552 3498 
192650 3562 3536 
192700 3543 3517 
192750 3555 3514 
192800 3553 3529 
192850 3546 3502 
192900 3556 3527 
192950 3558 3524 
193000 3559 3535 
193050 3558 3472 
193100 3539 3396 
193150 3554 3394 
193200 3561 3403 
193250 3560 3353 
193300 3536 3186 
193350 3564 3158 
193400 3567 3131 
193450 3557 3115 
193500 3564 3075 
193550 3559 3377 
193600 3552 3508 
193650 3550 3516 
193700 3571 3542 
193750 3548 3521 
193800 3550 3528 
193850 3554 3538 
193900 3561 3528 
193950 3567 3533 
194000 3546 3523 
194050 3557 3499 
194100 3549 3408 
194150 3554 3318 
194200 3553 3192 
194250 3560 3180 
194300 3544 3063 
194350 3551 3079 
194400 3551 3074 
194450 3559 3001 
194500 3551 2912 
194550 3563 3374 
194600 3564 3508 
194650 3550 3524 
194700 3564 3541 
194750 3567 3534 
194800 3557 3526 
194850 3560 3529 
194900 3553 3517 
194950 3557 3516 
195000 3538 3524 
195050 3542 3456 
195100 3556 3369 
195150 3555 3297 
195200 3554 3273 
195250 3552 3226 
195300 3540 3109 
195350 3557 3076 
195400 3559 3031 
195450 3563 3026 
195500 3564 2922 
195550 3555 3317 
195600 3547 3476 
195650 3551 3516 
195700 3557 3533 
195750 3560 3528 
195800 3541 3500 
195850 3556 3517 
195900 3554 3533 
195950 3565 3534 
196000 3559 3526 
196050 3555 3477 
196100 3564 3407 
196150 3544 3316 
196200 3551 3254 
196250 3555 3145 
196300 3562 3080 
196350 3562 3019 
196400 3564 2992 
196450 3560 2895 
196500 3566 2842 
196550 3563 3268 
196600 3556 3481 
196650 3565 3526 
196700 3564 3518 
196750 3556 3522 
196800 3555 3527 
196850 3563 3518 
196900 3560 3534 
196950 3553 3533 
197000 3551 3524 
197050 3540 3475 
197100 3559 3443 
197150 3568 3377 
197200 3560 3242 
197250 3556 3176 
197300 3556 3128 
197350 3565 3054 
197400 3576 3060 
197450 3568 2967 
197500 3548 2895 
197550 3554 3367 
197600 3558 3496 
197650 3553 3516 
197700 3550 3517 
197750 3572 3538 
197800 3566 3531 
197850 3553 3538 
197900 3556 3523 
197950 3559 3523 
198000 3564 3534 
198050 3565 3499 
198100 3563 3438 
198150 3560 3372 
198200 3557 3330 
198250 3558 3215 
198300 3574 3129 
198350 3565 3094 
198400 3570 3040 
198450 3563 3069 
198500 3557 3035 
198550 3552 3385 
198600 3554 3495 
198650 3553 3531 
198700 3567 3533 
198750 3560 3518 
198800 3542 3516 
198850 3565 3531 
198900 3565 3536 
198950 3554 3524 
199000 3562 3543 
199050 3566 3505 
199100 3554 3426 
199150 3558 3343 
199200 3561 3347 
199250 3562 3290 
199300 3554 3259 
199350 3565 3180 
199400 3565 3100 
199450 3563 3032 
199500 3555 2980 
199550 3554 3387 
199600 3555 3508 
199650 3562 3512 
199700 3544 3508 
199750 3557 3525 
199800 3573 3549 
199850 3540 3520 
199900 3549 3516 
199950 3559 3537 
200000 3571 3531 
