# Avida tasks data
# Sat Apr  7 12:31:52 2012
# First column gives the current update, next columns give the number
# of organisms that have the particular task as a component of their merit
#  1: Update
#  2: Xor
#  3: Equals

0 0 0 
50 5 5 
100 21 21 
150 79 79 
200 181 181 
250 335 336 
300 557 556 
350 800 800 
400 1087 1088 
450 1477 1478 
500 1914 1916 
550 2407 2409 
600 2971 2973 
650 3323 3330 
700 3491 3490 
750 3539 3533 
800 3546 3545 
850 3515 3519 
900 3528 3525 
950 3532 3536 
1000 3552 3551 
1050 3190 2845 
1100 3466 2344 
1150 3459 1848 
1200 3448 1448 
1250 3473 1145 
1300 3475 869 
1350 3470 650 
1400 3485 494 
1450 3508 314 
1500 3521 185 
1550 3531 99 
1600 3548 30 
1650 3533 5 
1700 3539 0 
1750 3540 0 
1800 3547 0 
1850 3552 0 
1900 3556 0 
1950 3541 0 
2000 3527 0 
2050 3527 0 
2100 3556 0 
2150 3549 0 
2200 3524 0 
2250 3543 0 
2300 3529 0 
2350 3526 0 
2400 3550 1 
2450 3540 0 
2500 3544 0 
2550 3525 0 
2600 3554 0 
2650 3547 0 
2700 3539 0 
2750 3542 0 
2800 3542 522 
2850 3543 1053 
2900 3541 1468 
2950 3544 1835 
3000 3551 2210 
3050 3410 1755 
3100 3447 1238 
3150 3477 891 
3200 3494 594 
3250 3509 345 
3300 3533 226 
3350 3526 102 
3400 3531 52 
3450 3552 12 
3500 3542 0 
3550 3546 156 
3600 3557 840 
3650 3543 1320 
3700 3549 1767 
3750 3533 2122 
3800 3557 2453 
3850 3556 2713 
3900 3530 2916 
3950 3536 3134 
4000 3549 3319 
4050 3308 2465 
4100 3370 1718 
4150 3433 1126 
4200 3465 750 
4250 3545 509 
4300 3555 277 
4350 3543 107 
4400 3532 34 
4450 3539 5 
4500 3547 1 
4550 3543 0 
4600 3517 24 
4650 3455 93 
4700 3319 354 
4750 3402 890 
4800 3417 1318 
4850 3435 1693 
4900 3467 2053 
4950 3482 2371 
5000 3502 2721 
5050 3311 2092 
5100 3357 1482 
5150 3403 1084 
5200 3447 779 
5250 3470 538 
5300 3496 374 
5350 3497 285 
5400 3512 178 
5450 3517 75 
5500 3522 28 
5550 3527 4 
5600 3544 0 
5650 3544 0 
5700 3546 326 
5750 3536 843 
5800 3541 1327 
5850 3524 1722 
5900 3530 2080 
5950 3530 2428 
6000 3532 2702 
6050 3345 2095 
6100 3391 1415 
6150 3440 909 
6200 3472 565 
6250 3506 293 
6300 3529 151 
6350 3531 75 
6400 3513 29 
6450 3542 12 
6500 3536 2 
6550 3524 396 
6600 3524 978 
6650 3527 1447 
6700 3524 1839 
6750 3516 2216 
6800 3538 2547 
6850 3531 2797 
6900 3521 3006 
6950 3521 3144 
7000 3536 3287 
7050 3303 2379 
7100 3410 1460 
7150 3466 875 
7200 3492 515 
7250 3516 292 
7300 3529 161 
7350 3529 74 
7400 3548 25 
7450 3545 6 
7500 3534 4 
7550 3513 163 
7600 3522 700 
7650 3540 1170 
7700 3549 1602 
7750 3529 1962 
7800 3538 2310 
7850 3537 2627 
7900 3538 2876 
7950 3529 3076 
8000 3516 3211 
8050 3335 2331 
8100 3416 1377 
8150 3470 807 
8200 3506 403 
8250 3524 178 
8300 3534 82 
8350 3559 32 
8400 3537 15 
8450 3537 14 
8500 3544 7 
8550 3534 681 
8600 3534 1429 
8650 3537 2027 
8700 3520 2394 
8750 3547 2739 
8800 3534 2948 
8850 3534 3157 
8900 3531 3289 
8950 3543 3387 
9000 3523 3450 
9050 3294 2308 
9100 3398 1288 
9150 3481 642 
9200 3507 286 
9250 3529 106 
9300 3521 40 
9350 3544 10 
9400 3537 11 
9450 3537 9 
9500 3502 11 
9550 3517 313 
9600 3517 1153 
9650 3496 1717 
9700 3520 2137 
9750 3527 2506 
9800 3542 2830 
9850 3522 3079 
9900 3523 3297 
9950 3525 3388 
10000 3523 3458 
10050 3340 2220 
10100 3427 1216 
10150 3494 724 
10200 3507 413 
10250 3520 237 
10300 3534 153 
10350 3523 93 
10400 3545 48 
10450 3541 22 
10500 3536 7 
10550 3541 369 
10600 3522 932 
10650 3527 1453 
10700 3492 1850 
10750 3512 2236 
10800 3516 2580 
10850 3519 2847 
10900 3526 3055 
10950 3530 3182 
11000 3534 3314 
11050 3370 2103 
11100 3443 1089 
11150 3486 523 
11200 3534 240 
11250 3529 90 
11300 3532 30 
11350 3523 15 
11400 3515 10 
11450 3523 13 
11500 3522 6 
11550 3555 327 
11600 3549 1024 
11650 3540 1594 
11700 3519 2019 
11750 3522 2389 
11800 3543 2731 
11850 3524 3016 
11900 3537 3266 
11950 3529 3414 
12000 3533 3501 
12050 3280 2479 
12100 3357 1746 
12150 3397 1259 
12200 3488 1039 
12250 3511 774 
12300 3498 552 
12350 3528 366 
12400 3535 208 
12450 3530 86 
12500 3550 28 
12550 3514 409 
12600 3494 1160 
12650 3502 1677 
12700 3505 2110 
12750 3496 2449 
12800 3518 2773 
12850 3524 2988 
12900 3534 3170 
12950 3533 3298 
13000 3523 3380 
13050 3342 2201 
13100 3431 1093 
13150 3481 501 
13200 3506 174 
13250 3532 53 
13300 3522 23 
13350 3537 16 
13400 3538 13 
13450 3521 16 
13500 3529 9 
13550 3524 230 
13600 3521 1035 
13650 3527 1602 
13700 3515 2046 
13750 3535 2451 
13800 3526 2795 
13850 3523 3027 
13900 3538 3249 
13950 3551 3380 
14000 3553 3464 
14050 3309 2208 
14100 3402 1299 
14150 3485 710 
14200 3497 410 
14250 3493 259 
14300 3527 173 
14350 3514 84 
14400 3523 44 
14450 3504 25 
14500 3525 11 
14550 3524 269 
14600 3535 888 
14650 3523 1332 
14700 3541 1764 
14750 3536 2151 
14800 3549 2485 
14850 3532 2760 
14900 3544 3030 
14950 3546 3204 
15000 3527 3307 
15050 3285 2547 
15100 3376 1697 
15150 3434 1147 
15200 3502 806 
15250 3542 630 
15300 3548 418 
15350 3545 261 
15400 3538 155 
15450 3524 80 
15500 3550 31 
15550 3556 339 
15600 3535 881 
15650 3541 1339 
15700 3534 1756 
15750 3545 2162 
15800 3531 2515 
15850 3539 2777 
15900 3549 3030 
15950 3544 3156 
16000 3549 3296 
16050 3366 2080 
16100 3483 980 
16150 3500 446 
16200 3515 173 
16250 3560 51 
16300 3538 14 
16350 3543 2 
16400 3536 7 
16450 3538 4 
16500 3536 10 
16550 3538 460 
16600 3540 1040 
16650 3520 1487 
16700 3522 1877 
16750 3535 2281 
16800 3545 2626 
16850 3537 2886 
16900 3531 3071 
16950 3531 3191 
17000 3523 3295 
17050 3316 2267 
17100 3416 1247 
17150 3476 633 
17200 3487 333 
17250 3482 174 
17300 3499 97 
17350 3514 63 
17400 3528 22 
17450 3544 11 
17500 3530 5 
17550 3527 207 
17600 3519 945 
17650 3514 1450 
17700 3506 1902 
17750 3495 2276 
17800 3519 2626 
17850 3517 2895 
17900 3532 3099 
17950 3545 3291 
18000 3537 3413 
18050 3336 2210 
18100 3447 1176 
18150 3493 593 
18200 3523 252 
18250 3524 94 
18300 3534 27 
18350 3543 11 
18400 3554 10 
18450 3535 8 
18500 3546 1 
18550 3522 23 
18600 3453 531 
18650 3433 1077 
18700 3443 1524 
18750 3442 1865 
18800 3455 2212 
18850 3490 2541 
18900 3511 2784 
18950 3519 3029 
19000 3525 3208 
19050 3312 2310 
19100 3410 1358 
19150 3456 742 
19200 3512 338 
19250 3532 142 
19300 3533 62 
19350 3533 23 
19400 3534 19 
19450 3549 13 
19500 3533 5 
19550 3540 251 
19600 3534 843 
19650 3535 1355 
19700 3528 1797 
19750 3531 2273 
19800 3520 2679 
19850 3509 3002 
19900 3524 3227 
19950 3534 3369 
20000 3512 3454 
20050 3265 2494 
20100 3340 1641 
20150 3376 1118 
20200 3459 847 
20250 3498 621 
20300 3498 416 
20350 3504 281 
20400 3515 181 
20450 3525 104 
20500 3512 57 
20550 3527 470 
20600 3534 978 
20650 3539 1444 
20700 3533 1837 
20750 3540 2236 
20800 3558 2548 
20850 3544 2809 
20900 3532 3010 
20950 3545 3180 
21000 3541 3320 
21050 3300 2404 
21100 3405 1397 
21150 3462 843 
21200 3484 436 
21250 3515 215 
21300 3529 93 
21350 3537 33 
21400 3526 21 
21450 3539 10 
21500 3547 4 
21550 3527 229 
21600 3526 794 
21650 3514 1353 
21700 3530 1824 
21750 3530 2210 
21800 3530 2621 
21850 3525 2994 
21900 3531 3284 
21950 3553 3439 
22000 3552 3508 
22050 3347 2264 
22100 3437 1226 
22150 3495 613 
22200 3521 319 
22250 3516 137 
22300 3539 72 
22350 3531 24 
22400 3536 14 
22450 3542 10 
22500 3526 10 
22550 3523 413 
22600 3527 1066 
22650 3538 1611 
22700 3511 2023 
22750 3532 2412 
22800 3536 2703 
22850 3517 2940 
22900 3519 3123 
22950 3505 3291 
23000 3518 3405 
23050 3289 2397 
23100 3337 1635 
23150 3394 1106 
23200 3457 775 
23250 3504 556 
23300 3513 323 
23350 3518 155 
23400 3535 69 
23450 3539 26 
23500 3540 9 
23550 3552 426 
23600 3534 1014 
23650 3547 1472 
23700 3528 1837 
23750 3552 2214 
23800 3553 2540 
23850 3547 2816 
23900 3554 3019 
23950 3534 3190 
24000 3536 3322 
24050 3318 2275 
24100 3432 1336 
24150 3477 765 
24200 3493 464 
24250 3539 334 
24300 3561 235 
24350 3541 145 
24400 3539 79 
24450 3533 46 
24500 3544 22 
24550 3521 274 
24600 3540 855 
24650 3518 1339 
24700 3511 1743 
24750 3529 2164 
24800 3513 2474 
24850 3517 2746 
24900 3510 2933 
24950 3522 3077 
25000 3529 3197 
25050 3364 2261 
25100 3475 1161 
25150 3509 493 
25200 3527 188 
25250 3551 69 
25300 3550 28 
25350 3549 12 
25400 3551 5 
25450 3550 2 
25500 3550 2 
25550 3543 12 
25600 3548 715 
25650 3538 1218 
25700 3547 1709 
25750 3541 2063 
25800 3559 2336 
25850 3562 2598 
25900 3564 2848 
25950 3556 3060 
26000 3544 3242 
26050 3359 2320 
26100 3443 1423 
26150 3494 805 
26200 3512 425 
26250 3537 203 
26300 3546 79 
26350 3560 25 
26400 3558 8 
26450 3555 6 
26500 3560 1 
26550 3543 294 
26600 3545 857 
26650 3555 1355 
26700 3545 1821 
26750 3544 2257 
26800 3535 2623 
26850 3552 2934 
26900 3563 3177 
26950 3550 3334 
27000 3561 3416 
27050 3373 2205 
27100 3479 1077 
27150 3525 464 
27200 3565 162 
27250 3559 41 
27300 3556 17 
27350 3551 9 
27400 3561 4 
27450 3548 12 
27500 3536 9 
27550 3549 278 
27600 3547 1075 
27650 3534 1702 
27700 3546 2101 
27750 3548 2431 
27800 3538 2699 
27850 3561 2992 
27900 3560 3163 
27950 3574 3339 
28000 3540 3438 
28050 3364 2214 
28100 3461 1143 
28150 3518 551 
28200 3557 236 
28250 3529 82 
28300 3553 41 
28350 3564 23 
28400 3558 15 
28450 3552 7 
28500 3554 8 
28550 3547 341 
28600 3559 1180 
28650 3544 1825 
28700 3547 2355 
28750 3550 2800 
28800 3560 3129 
28850 3569 3317 
28900 3552 3434 
28950 3554 3499 
29000 3565 3529 
29050 3352 2315 
29100 3458 1257 
29150 3514 682 
29200 3534 351 
29250 3555 153 
29300 3538 77 
29350 3545 24 
29400 3546 13 
29450 3558 15 
29500 3566 8 
29550 3547 590 
29600 3552 1343 
29650 3562 1855 
29700 3553 2275 
29750 3553 2609 
29800 3549 2923 
29850 3563 3136 
29900 3562 3288 
29950 3568 3416 
30000 3553 3491 
30050 3366 2270 
30100 3482 1122 
30150 3509 549 
30200 3526 208 
30250 3527 88 
30300 3541 42 
30350 3557 14 
30400 3559 3 
30450 3541 8 
30500 3561 18 
30550 3537 410 
30600 3547 1188 
30650 3542 1746 
30700 3531 2169 
30750 3561 2536 
30800 3557 2826 
30850 3544 3049 
30900 3539 3208 
30950 3554 3349 
31000 3565 3447 
31050 3316 2371 
31100 3434 1297 
31150 3482 769 
31200 3518 427 
31250 3542 193 
31300 3554 86 
31350 3558 32 
31400 3549 15 
31450 3561 8 
31500 3552 8 
31550 3545 506 
31600 3532 1274 
31650 3541 1823 
31700 3534 2269 
31750 3538 2613 
31800 3548 2867 
31850 3562 3072 
31900 3550 3228 
31950 3549 3378 
32000 3549 3453 
32050 3331 2358 
32100 3464 1295 
32150 3524 632 
32200 3549 232 
32250 3552 77 
32300 3552 26 
32350 3550 11 
32400 3546 2 
32450 3562 4 
32500 3561 10 
32550 3560 321 
32600 3544 948 
32650 3566 1437 
32700 3554 1878 
32750 3552 2315 
32800 3552 2629 
32850 3565 2929 
32900 3548 3184 
32950 3548 3330 
33000 3558 3426 
33050 3300 2368 
33100 3368 1482 
33150 3443 977 
33200 3495 591 
33250 3547 341 
33300 3546 177 
33350 3542 86 
33400 3552 40 
33450 3555 20 
33500 3562 5 
33550 3556 436 
33600 3557 998 
33650 3552 1405 
33700 3556 1733 
33750 3568 2084 
33800 3560 2395 
33850 3564 2657 
33900 3569 2881 
33950 3577 3076 
34000 3569 3225 
34050 3414 2190 
34100 3503 1120 
34150 3547 544 
34200 3567 227 
34250 3567 73 
34300 3561 23 
34350 3563 12 
34400 3561 10 
34450 3555 8 
34500 3561 5 
34550 3556 486 
34600 3558 1258 
34650 3555 1810 
34700 3561 2269 
34750 3568 2627 
34800 3569 2893 
34850 3574 3102 
34900 3560 3212 
34950 3562 3321 
35000 3566 3438 
35050 3408 2328 
35100 3469 1369 
35150 3513 793 
35200 3541 430 
35250 3562 232 
35300 3566 141 
35350 3566 77 
35400 3555 38 
35450 3570 15 
35500 3564 8 
35550 3562 513 
35600 3576 1214 
35650 3570 1738 
35700 3578 2113 
35750 3560 2453 
35800 3550 2732 
35850 3563 2969 
35900 3565 3147 
35950 3556 3291 
36000 3562 3413 
36050 3342 2336 
36100 3427 1405 
36150 3469 952 
36200 3469 656 
36250 3507 489 
36300 3534 366 
36350 3539 220 
36400 3517 135 
36450 3548 86 
36500 3549 48 
36550 3552 522 
36600 3562 1190 
36650 3562 1638 
36700 3556 2055 
36750 3561 2401 
36800 3577 2763 
36850 3555 3007 
36900 3563 3190 
36950 3575 3336 
37000 3563 3428 
37050 3347 2313 
37100 3434 1331 
37150 3498 793 
37200 3527 426 
37250 3537 248 
37300 3545 135 
37350 3554 66 
37400 3554 24 
37450 3565 10 
37500 3561 11 
37550 3566 533 
37600 3567 1197 
37650 3564 1823 
37700 3558 2274 
37750 3568 2699 
37800 3561 3033 
37850 3573 3301 
37900 3571 3452 
37950 3563 3498 
38000 3569 3562 
38050 3299 2517 
38100 3407 1637 
38150 3461 1138 
38200 3563 901 
38250 3556 627 
38300 3563 378 
38350 3554 222 
38400 3559 124 
38450 3568 44 
38500 3567 21 
38550 3556 318 
38600 3559 1152 
38650 3561 1770 
38700 3564 2201 
38750 3564 2553 
38800 3562 2816 
38850 3563 3011 
38900 3548 3156 
38950 3559 3281 
39000 3558 3334 
39050 3355 2320 
39100 3435 1448 
39150 3486 888 
39200 3506 533 
39250 3549 331 
39300 3562 211 
39350 3557 123 
39400 3552 56 
39450 3574 25 
39500 3570 14 
39550 3571 380 
39600 3553 928 
39650 3558 1407 
39700 3555 1834 
39750 3556 2186 
39800 3569 2536 
39850 3559 2802 
39900 3560 2976 
39950 3553 3125 
40000 3559 3228 
40050 3306 2258 
40100 3427 1358 
40150 3473 767 
40200 3535 434 
40250 3555 220 
40300 3561 116 
40350 3564 65 
40400 3561 44 
40450 3566 18 
40500 3563 10 
40550 3552 639 
40600 3560 1411 
40650 3569 1901 
40700 3569 2272 
40750 3570 2564 
40800 3569 2810 
40850 3562 3049 
40900 3562 3222 
40950 3572 3350 
41000 3558 3451 
41050 3351 2310 
41100 3478 1295 
41150 3543 642 
41200 3538 261 
41250 3563 99 
41300 3572 38 
41350 3564 23 
41400 3563 20 
41450 3572 14 
41500 3576 15 
41550 3557 387 
41600 3543 1021 
41650 3531 1602 
41700 3535 2066 
41750 3547 2420 
41800 3554 2682 
41850 3561 2905 
41900 3546 3053 
41950 3551 3179 
42000 3551 3301 
42050 3309 2460 
42100 3406 1576 
42150 3485 989 
42200 3518 614 
42250 3561 383 
42300 3557 204 
42350 3559 104 
42400 3560 41 
42450 3566 12 
42500 3553 12 
42550 3547 440 
42600 3553 1041 
42650 3558 1621 
42700 3548 2007 
42750 3561 2464 
42800 3572 2761 
42850 3568 3005 
42900 3562 3172 
42950 3561 3316 
43000 3567 3407 
43050 3389 2113 
43100 3489 974 
43150 3534 449 
43200 3564 160 
43250 3572 55 
43300 3566 16 
43350 3563 16 
43400 3566 10 
43450 3566 14 
43500 3574 9 
43550 3573 451 
43600 3573 1176 
43650 3565 1667 
43700 3560 2088 
43750 3578 2430 
43800 3553 2766 
43850 3563 2997 
43900 3567 3183 
43950 3569 3308 
44000 3559 3380 
44050 3352 2356 
44100 3447 1287 
44150 3507 762 
44200 3526 429 
44250 3552 244 
44300 3560 183 
44350 3557 108 
44400 3574 44 
44450 3559 27 
44500 3559 21 
44550 3565 558 
44600 3574 1163 
44650 3565 1584 
44700 3567 1965 
44750 3569 2288 
44800 3560 2539 
44850 3555 2777 
44900 3557 3013 
44950 3566 3201 
45000 3554 3320 
45050 3375 2284 
45100 3491 1201 
45150 3529 579 
45200 3544 280 
45250 3555 113 
45300 3560 36 
45350 3543 9 
45400 3559 9 
45450 3562 5 
45500 3559 12 
45550 3566 591 
45600 3574 1346 
45650 3561 1956 
45700 3569 2426 
45750 3559 2778 
45800 3582 3023 
45850 3568 3180 
45900 3565 3304 
45950 3563 3409 
46000 3575 3489 
46050 3376 2331 
46100 3462 1306 
46150 3519 693 
46200 3553 334 
46250 3559 146 
46300 3557 59 
46350 3561 8 
46400 3563 14 
46450 3568 6 
46500 3554 14 
46550 3556 399 
46600 3554 1169 
46650 3554 1773 
46700 3563 2221 
46750 3571 2619 
46800 3556 2955 
46850 3566 3215 
46900 3557 3336 
46950 3560 3440 
47000 3567 3470 
47050 3394 2145 
47100 3512 1010 
47150 3532 534 
47200 3554 299 
47250 3562 184 
47300 3569 104 
47350 3577 52 
47400 3576 22 
47450 3568 16 
47500 3556 17 
47550 3556 518 
47600 3542 1188 
47650 3550 1665 
47700 3553 2073 
47750 3552 2432 
47800 3561 2770 
47850 3552 3016 
47900 3560 3218 
47950 3571 3363 
48000 3561 3429 
48050 3368 2251 
48100 3468 1237 
48150 3529 646 
48200 3553 314 
48250 3562 129 
48300 3564 72 
48350 3565 28 
48400 3569 16 
48450 3551 16 
48500 3558 9 
48550 3555 499 
48600 3562 1197 
48650 3555 1654 
48700 3573 2077 
48750 3574 2367 
48800 3575 2643 
48850 3563 2843 
48900 3547 3022 
48950 3564 3208 
49000 3572 3358 
49050 3408 2149 
49100 3520 1129 
49150 3528 601 
49200 3554 259 
49250 3568 95 
49300 3574 35 
49350 3560 16 
49400 3563 10 
49450 3560 9 
49500 3557 7 
49550 3559 431 
49600 3563 986 
49650 3552 1469 
49700 3565 1851 
49750 3563 2209 
49800 3557 2506 
49850 3547 2723 
49900 3565 2928 
49950 3576 3111 
50000 3571 3250 
50050 3335 2288 
50100 3443 1411 
50150 3484 866 
50200 3524 508 
50250 3545 307 
50300 3549 210 
50350 3554 111 
50400 3555 64 
50450 3571 31 
50500 3552 17 
50550 3557 433 
50600 3547 962 
50650 3561 1462 
50700 3558 1866 
50750 3555 2212 
50800 3566 2504 
50850 3564 2747 
50900 3574 2928 
50950 3566 3077 
51000 3559 3221 
51050 3380 2146 
51100 3513 1024 
51150 3538 438 
51200 3574 162 
51250 3559 45 
51300 3561 17 
51350 3565 7 
51400 3558 6 
51450 3549 9 
51500 3546 12 
51550 3548 467 
51600 3545 1161 
51650 3544 1690 
51700 3547 2097 
51750 3562 2391 
51800 3556 2672 
51850 3573 2931 
51900 3562 3090 
51950 3561 3231 
52000 3571 3350 
52050 3377 2175 
52100 3488 1131 
52150 3534 580 
52200 3545 256 
52250 3546 103 
52300 3560 51 
52350 3551 24 
52400 3556 17 
52450 3564 14 
52500 3561 8 
52550 3558 310 
52600 3554 1155 
52650 3544 1665 
52700 3553 2079 
52750 3546 2394 
52800 3547 2682 
52850 3556 2926 
52900 3558 3100 
52950 3565 3261 
53000 3565 3394 
53050 3405 2004 
53100 3491 945 
53150 3531 467 
53200 3553 192 
53250 3565 78 
53300 3568 28 
53350 3568 11 
53400 3572 11 
53450 3569 6 
53500 3554 12 
53550 3564 429 
53600 3572 1131 
53650 3555 1563 
53700 3566 2019 
53750 3557 2399 
53800 3559 2769 
53850 3565 3051 
53900 3580 3276 
53950 3576 3402 
54000 3570 3449 
54050 3404 2118 
54100 3514 952 
54150 3527 394 
54200 3539 155 
54250 3561 57 
54300 3554 30 
54350 3565 27 
54400 3562 10 
54450 3564 14 
54500 3567 5 
54550 3552 444 
54600 3557 1004 
54650 3554 1418 
54700 3560 1906 
54750 3559 2285 
54800 3569 2654 
54850 3557 2929 
54900 3572 3120 
54950 3566 3281 
55000 3572 3362 
55050 3417 2079 
55100 3521 1116 
55150 3545 497 
55200 3564 177 
55250 3566 41 
55300 3578 23 
55350 3576 16 
55400 3570 16 
55450 3566 9 
55500 3553 9 
55550 3558 560 
55600 3559 1175 
55650 3552 1581 
55700 3557 1989 
55750 3561 2259 
55800 3563 2576 
55850 3556 2834 
55900 3570 3048 
55950 3564 3197 
56000 3566 3324 
56050 3401 2053 
56100 3524 937 
56150 3539 393 
56200 3561 134 
56250 3563 35 
56300 3557 20 
56350 3568 17 
56400 3564 10 
56450 3564 14 
56500 3564 13 
56550 3565 447 
56600 3564 1068 
56650 3556 1571 
56700 3553 1979 
56750 3558 2424 
56800 3548 2797 
56850 3568 3119 
56900 3567 3294 
56950 3568 3415 
57000 3546 3465 
57050 3369 2222 
57100 3471 1137 
57150 3512 651 
57200 3527 317 
57250 3564 119 
57300 3554 43 
57350 3560 12 
57400 3553 6 
57450 3559 7 
57500 3565 10 
57550 3569 344 
57600 3555 893 
57650 3549 1445 
57700 3550 1911 
57750 3561 2381 
57800 3554 2763 
57850 3567 3043 
57900 3579 3264 
57950 3567 3387 
58000 3572 3469 
58050 3344 2358 
58100 3450 1306 
58150 3496 848 
58200 3523 550 
58250 3547 343 
58300 3562 238 
58350 3567 148 
58400 3560 78 
58450 3576 24 
58500 3562 7 
58550 3551 491 
58600 3557 998 
58650 3555 1450 
58700 3552 1859 
58750 3563 2204 
58800 3569 2570 
58850 3557 2833 
58900 3558 3038 
58950 3560 3199 
59000 3581 3344 
59050 3380 2249 
59100 3499 1206 
59150 3531 638 
59200 3543 365 
59250 3555 186 
59300 3567 81 
59350 3575 42 
59400 3568 21 
59450 3559 11 
59500 3552 3 
59550 3555 421 
59600 3546 1218 
59650 3549 1744 
59700 3551 2086 
59750 3559 2378 
59800 3571 2648 
59850 3568 2861 
59900 3563 3048 
59950 3565 3210 
60000 3573 3353 
60050 3310 2295 
60100 3440 1371 
60150 3496 888 
60200 3514 610 
60250 3536 406 
60300 3555 283 
60350 3552 175 
60400 3563 105 
60450 3541 66 
60500 3551 35 
60550 3544 299 
60600 3538 921 
60650 3527 1412 
60700 3545 1797 
60750 3531 2186 
60800 3537 2508 
60850 3548 2758 
60900 3535 2993 
60950 3558 3197 
61000 3552 3293 
61050 3403 2112 
61100 3503 1027 
61150 3522 471 
61200 3538 237 
61250 3546 111 
61300 3552 56 
61350 3566 25 
61400 3567 15 
61450 3562 11 
61500 3557 10 
61550 3553 185 
61600 3541 811 
61650 3531 1371 
61700 3537 1736 
61750 3540 2048 
61800 3547 2318 
61850 3561 2590 
61900 3558 2818 
61950 3568 3042 
62000 3577 3225 
62050 3384 2269 
62100 3464 1245 
62150 3507 664 
62200 3532 357 
62250 3536 197 
62300 3558 96 
62350 3559 46 
62400 3563 22 
62450 3565 14 
62500 3569 11 
62550 3568 335 
62600 3564 932 
62650 3570 1408 
62700 3549 1833 
62750 3565 2181 
62800 3577 2493 
62850 3566 2734 
62900 3561 2907 
62950 3569 3121 
63000 3564 3239 
63050 3319 2386 
63100 3387 1623 
63150 3457 1075 
63200 3492 739 
63250 3544 482 
63300 3552 284 
63350 3555 148 
63400 3564 74 
63450 3564 31 
63500 3570 21 
63550 3565 179 
63600 3554 914 
63650 3552 1473 
63700 3561 1984 
63750 3542 2340 
63800 3548 2694 
63850 3550 2970 
63900 3558 3191 
63950 3543 3327 
64000 3560 3442 
64050 3366 2262 
64100 3463 1303 
64150 3530 754 
64200 3524 402 
64250 3544 183 
64300 3544 77 
64350 3565 40 
64400 3556 12 
64450 3556 8 
64500 3563 11 
64550 3565 275 
64600 3563 928 
64650 3556 1500 
64700 3546 2018 
64750 3561 2432 
64800 3557 2737 
64850 3559 3012 
64900 3563 3219 
64950 3565 3351 
65000 3559 3421 
65050 3370 2192 
65100 3458 1182 
65150 3513 622 
65200 3516 296 
65250 3543 139 
65300 3544 67 
65350 3548 40 
65400 3550 12 
65450 3560 14 
65500 3547 7 
65550 3555 277 
65600 3551 812 
65650 3561 1304 
65700 3555 1735 
65750 3555 2128 
65800 3555 2449 
65850 3566 2724 
65900 3560 2914 
65950 3552 3092 
66000 3572 3233 
66050 3388 2139 
66100 3488 1036 
66150 3532 413 
66200 3562 121 
66250 3561 32 
66300 3570 10 
66350 3571 14 
66400 3563 9 
66450 3558 6 
66500 3574 10 
66550 3562 673 
66600 3551 1416 
66650 3553 1912 
66700 3552 2342 
66750 3556 2687 
66800 3562 2910 
66850 3551 3109 
66900 3563 3247 
66950 3577 3401 
67000 3565 3467 
67050 3344 2279 
67100 3450 1303 
67150 3503 780 
67200 3533 471 
67250 3556 232 
67300 3561 117 
67350 3553 35 
67400 3568 10 
67450 3563 3 
67500 3567 10 
67550 3562 446 
67600 3550 1007 
67650 3545 1450 
67700 3545 1898 
67750 3558 2340 
67800 3544 2636 
67850 3560 2909 
67900 3563 3109 
67950 3553 3227 
68000 3571 3347 
68050 3373 2189 
68100 3493 1193 
68150 3540 565 
68200 3579 201 
68250 3559 75 
68300 3568 33 
68350 3565 6 
68400 3560 9 
68450 3561 8 
68500 3558 8 
68550 3534 399 
68600 3526 1100 
68650 3525 1687 
68700 3530 2106 
68750 3535 2474 
68800 3543 2758 
68850 3526 3001 
68900 3547 3225 
68950 3545 3360 
69000 3569 3437 
69050 3425 2066 
69100 3515 979 
69150 3540 447 
69200 3565 195 
69250 3561 86 
69300 3570 39 
69350 3560 15 
69400 3553 12 
69450 3565 11 
69500 3553 9 
69550 3563 502 
69600 3558 1081 
69650 3548 1546 
69700 3554 1975 
69750 3566 2369 
69800 3547 2629 
69850 3571 2873 
69900 3570 3082 
69950 3568 3230 
70000 3561 3348 
70050 3388 2187 
70100 3463 1292 
70150 3509 806 
70200 3527 496 
70250 3553 273 
70300 3566 152 
70350 3558 58 
70400 3563 13 
70450 3573 9 
70500 3558 4 
70550 3565 420 
70600 3559 1100 
70650 3571 1578 
70700 3566 1965 
70750 3576 2361 
70800 3559 2586 
70850 3562 2792 
70900 3557 2972 
70950 3569 3151 
71000 3569 3296 
71050 3340 2219 
71100 3455 1268 
71150 3498 738 
71200 3509 389 
71250 3530 226 
71300 3548 126 
71350 3561 84 
71400 3541 46 
71450 3563 34 
71500 3568 15 
71550 3556 445 
71600 3545 1084 
71650 3546 1620 
71700 3563 2112 
71750 3543 2490 
71800 3566 2790 
71850 3568 3020 
71900 3556 3191 
71950 3554 3300 
72000 3540 3358 
72050 3353 2136 
72100 3451 1076 
72150 3487 534 
72200 3518 231 
72250 3524 118 
72300 3551 55 
72350 3554 25 
72400 3544 19 
72450 3553 11 
72500 3550 6 
72550 3567 442 
72600 3553 1024 
72650 3543 1418 
72700 3546 1808 
72750 3556 2189 
72800 3553 2431 
72850 3561 2758 
72900 3565 2982 
72950 3556 3170 
73000 3559 3290 
73050 3362 2122 
73100 3488 1090 
73150 3540 460 
73200 3554 171 
73250 3570 60 
73300 3561 27 
73350 3574 15 
73400 3559 15 
73450 3558 9 
73500 3559 8 
73550 3556 380 
73600 3552 1291 
73650 3550 1955 
73700 3567 2491 
73750 3561 2809 
73800 3555 3045 
73850 3574 3217 
73900 3560 3311 
73950 3560 3400 
74000 3567 3475 
74050 3359 2360 
74100 3435 1400 
74150 3489 879 
74200 3515 509 
74250 3552 309 
74300 3555 171 
74350 3558 67 
74400 3561 24 
74450 3552 13 
74500 3566 7 
74550 3559 375 
74600 3563 878 
74650 3560 1324 
74700 3561 1729 
74750 3557 2100 
74800 3557 2416 
74850 3566 2699 
74900 3555 2943 
74950 3567 3124 
75000 3558 3231 
75050 3346 2142 
75100 3452 1157 
75150 3504 611 
75200 3549 302 
75250 3560 114 
75300 3559 49 
75350 3571 23 
75400 3563 19 
75450 3552 16 
75500 3555 9 
75550 3566 536 
75600 3565 1086 
75650 3563 1523 
75700 3569 1925 
75750 3569 2286 
75800 3553 2619 
75850 3557 2896 
75900 3561 3081 
75950 3555 3220 
76000 3557 3303 
76050 3359 2313 
76100 3474 1242 
76150 3510 630 
76200 3523 331 
76250 3540 181 
76300 3539 115 
76350 3543 68 
76400 3547 30 
76450 3547 25 
76500 3554 19 
76550 3534 25 
76600 3404 416 
76650 3386 1157 
76700 3388 1621 
76750 3439 1987 
76800 3450 2337 
76850 3435 2557 
76900 3444 2777 
76950 3453 2979 
77000 3452 3160 
77050 3368 2054 
77100 3497 1043 
77150 3530 500 
77200 3558 221 
77250 3547 87 
77300 3566 29 
77350 3569 14 
77400 3551 7 
77450 3568 5 
77500 3561 10 
77550 3560 367 
77600 3568 907 
77650 3560 1337 
77700 3553 1702 
77750 3555 2042 
77800 3550 2390 
77850 3552 2688 
77900 3554 2966 
77950 3561 3204 
78000 3538 3291 
78050 3375 2237 
78100 3508 1105 
78150 3536 503 
78200 3549 235 
78250 3572 90 
78300 3567 36 
78350 3554 18 
78400 3560 11 
78450 3555 7 
78500 3559 11 
78550 3558 396 
78600 3566 941 
78650 3563 1376 
78700 3565 1766 
78750 3567 2117 
78800 3562 2462 
78850 3545 2763 
78900 3558 2998 
78950 3562 3177 
79000 3546 3314 
79050 3392 2320 
79100 3491 1329 
79150 3508 785 
79200 3543 457 
79250 3550 258 
79300 3555 125 
79350 3555 68 
79400 3562 39 
79450 3562 18 
79500 3567 15 
79550 3571 598 
79600 3563 1238 
79650 3563 1670 
79700 3569 2031 
79750 3561 2337 
79800 3561 2566 
79850 3557 2770 
79900 3567 2981 
79950 3568 3114 
80000 3561 3268 
80050 3416 2115 
80100 3500 1140 
80150 3541 576 
80200 3567 253 
80250 3548 99 
80300 3550 36 
80350 3565 12 
80400 3576 12 
80450 3566 19 
80500 3576 16 
80550 3564 331 
80600 3563 988 
80650 3566 1557 
80700 3561 2052 
80750 3570 2499 
80800 3569 2791 
80850 3570 3038 
80900 3571 3224 
80950 3566 3381 
81000 3550 3454 
81050 3402 2118 
81100 3496 1022 
81150 3531 474 
81200 3572 197 
81250 3564 68 
81300 3576 22 
81350 3581 16 
81400 3562 16 
81450 3562 14 
81500 3556 10 
81550 3567 464 
81600 3570 1111 
81650 3570 1632 
81700 3564 2079 
81750 3563 2495 
81800 3561 2816 
81850 3562 3075 
81900 3555 3238 
81950 3570 3391 
82000 3566 3485 
82050 3368 2252 
82100 3459 1225 
82150 3516 644 
82200 3549 310 
82250 3558 116 
82300 3560 54 
82350 3566 27 
82400 3559 16 
82450 3556 3 
82500 3554 8 
82550 3542 241 
82600 3529 909 
82650 3528 1416 
82700 3549 1827 
82750 3541 2192 
82800 3553 2545 
82850 3563 2817 
82900 3566 3012 
82950 3563 3167 
83000 3566 3323 
83050 3377 2207 
83100 3491 1198 
83150 3548 572 
83200 3561 239 
83250 3569 73 
83300 3570 18 
83350 3574 9 
83400 3574 5 
83450 3561 10 
83500 3572 13 
83550 3559 460 
83600 3553 1058 
83650 3544 1514 
83700 3560 1905 
83750 3560 2282 
83800 3557 2611 
83850 3567 2896 
83900 3559 3100 
83950 3551 3250 
84000 3557 3407 
84050 3369 2246 
84100 3503 1162 
84150 3542 537 
84200 3554 223 
84250 3549 91 
84300 3564 43 
84350 3560 35 
84400 3550 19 
84450 3562 15 
84500 3561 8 
84550 3559 303 
84600 3563 918 
84650 3569 1370 
84700 3564 1778 
84750 3569 2127 
84800 3570 2449 
84850 3580 2750 
84900 3572 2985 
84950 3565 3158 
85000 3569 3266 
85050 3349 2263 
85100 3481 1225 
85150 3530 603 
85200 3551 227 
85250 3551 67 
85300 3568 18 
85350 3553 16 
85400 3569 4 
85450 3560 14 
85500 3547 16 
85550 3556 438 
85600 3532 1043 
85650 3559 1537 
85700 3558 1985 
85750 3570 2415 
85800 3570 2751 
85850 3562 3005 
85900 3564 3199 
85950 3562 3365 
86000 3573 3487 
86050 3327 2426 
86100 3424 1443 
86150 3491 898 
86200 3510 495 
86250 3551 311 
86300 3567 153 
86350 3568 51 
86400 3565 27 
86450 3566 19 
86500 3565 9 
86550 3568 630 
86600 3570 1464 
86650 3572 2001 
86700 3562 2397 
86750 3560 2692 
86800 3575 2927 
86850 3561 3111 
86900 3566 3279 
86950 3562 3354 
87000 3567 3449 
87050 3351 2292 
87100 3435 1308 
87150 3502 763 
87200 3530 396 
87250 3551 168 
87300 3560 73 
87350 3564 39 
87400 3559 22 
87450 3557 20 
87500 3571 17 
87550 3574 613 
87600 3562 1299 
87650 3559 1813 
87700 3572 2187 
87750 3563 2509 
87800 3566 2756 
87850 3575 3001 
87900 3571 3183 
87950 3565 3312 
88000 3569 3451 
88050 3356 2328 
88100 3445 1321 
88150 3490 836 
88200 3521 517 
88250 3549 358 
88300 3552 269 
88350 3556 150 
88400 3565 76 
88450 3561 27 
88500 3555 19 
88550 3565 574 
88600 3563 1242 
88650 3575 1760 
88700 3571 2223 
88750 3555 2604 
88800 3560 2903 
88850 3562 3115 
88900 3559 3250 
88950 3567 3354 
89000 3543 3425 
89050 3306 2431 
89100 3428 1436 
89150 3493 851 
89200 3517 504 
89250 3540 332 
89300 3560 201 
89350 3565 84 
89400 3573 45 
89450 3557 20 
89500 3571 9 
89550 3570 592 
89600 3564 1368 
89650 3558 1787 
89700 3574 2163 
89750 3564 2437 
89800 3564 2757 
89850 3565 3028 
89900 3572 3226 
89950 3570 3367 
90000 3565 3452 
90050 3362 2154 
90100 3497 1059 
90150 3513 552 
90200 3542 331 
90250 3553 190 
90300 3559 113 
90350 3569 61 
90400 3581 34 
90450 3558 19 
90500 3564 19 
90550 3566 501 
90600 3564 1335 
90650 3570 1938 
90700 3550 2359 
90750 3563 2668 
90800 3573 2890 
90850 3573 3056 
90900 3571 3214 
90950 3565 3346 
91000 3571 3467 
91050 3322 2442 
91100 3403 1686 
91150 3467 1230 
91200 3513 919 
91250 3554 722 
91300 3567 528 
91350 3563 368 
91400 3558 242 
91450 3566 157 
91500 3565 92 
91550 3561 697 
91600 3567 1458 
91650 3568 2078 
91700 3564 2509 
91750 3566 2837 
91800 3571 3103 
91850 3566 3273 
91900 3553 3397 
91950 3570 3491 
92000 3569 3530 
92050 3326 2551 
92100 3418 1594 
92150 3486 994 
92200 3559 674 
92250 3573 412 
92300 3568 227 
92350 3560 119 
92400 3558 49 
92450 3575 23 
92500 3563 20 
92550 3565 450 
92600 3564 1150 
92650 3569 1727 
92700 3562 2136 
92750 3574 2442 
92800 3558 2715 
92850 3567 2980 
92900 3562 3136 
92950 3568 3295 
93000 3573 3404 
93050 3362 2427 
93100 3428 1539 
93150 3467 1024 
93200 3477 666 
93250 3535 488 
93300 3533 315 
93350 3544 180 
93400 3569 88 
93450 3563 49 
93500 3567 26 
93550 3561 413 
93600 3555 969 
93650 3570 1427 
93700 3568 1796 
93750 3568 2180 
93800 3557 2456 
93850 3557 2739 
93900 3559 2991 
93950 3563 3207 
94000 3561 3351 
94050 3301 2430 
94100 3418 1575 
94150 3490 1007 
94200 3493 633 
94250 3545 438 
94300 3549 313 
94350 3561 212 
94400 3555 140 
94450 3564 78 
94500 3579 25 
94550 3556 40 
94600 3543 649 
94650 3528 1128 
94700 3530 1554 
94750 3514 1896 
94800 3521 2247 
94850 3530 2512 
94900 3518 2723 
94950 3546 2903 
95000 3547 3059 
95050 3383 2202 
95100 3494 1125 
95150 3540 543 
95200 3554 210 
95250 3548 54 
95300 3553 16 
95350 3564 9 
95400 3561 11 
95450 3556 8 
95500 3548 7 
95550 3557 427 
95600 3567 1086 
95650 3561 1632 
95700 3569 2110 
95750 3567 2505 
95800 3560 2851 
95850 3558 3120 
95900 3566 3311 
95950 3579 3433 
96000 3568 3507 
96050 3338 2337 
96100 3434 1341 
96150 3489 825 
96200 3509 498 
96250 3524 298 
96300 3551 207 
96350 3551 113 
96400 3556 65 
96450 3554 37 
96500 3561 25 
96550 3573 591 
96600 3570 1395 
96650 3570 1934 
96700 3568 2340 
96750 3574 2627 
96800 3559 2870 
96850 3557 3060 
96900 3557 3213 
96950 3550 3309 
97000 3567 3394 
97050 3339 2461 
97100 3459 1389 
97150 3513 783 
97200 3546 440 
97250 3560 257 
97300 3562 184 
97350 3564 130 
97400 3572 80 
97450 3573 45 
97500 3556 25 
97550 3560 449 
97600 3561 1125 
97650 3559 1659 
97700 3562 2115 
97750 3567 2482 
97800 3564 2761 
97850 3561 3000 
97900 3566 3197 
97950 3569 3331 
98000 3580 3437 
98050 3287 2537 
98100 3368 1756 
98150 3405 1270 
98200 3499 909 
98250 3552 627 
98300 3541 339 
98350 3568 202 
98400 3560 104 
98450 3560 45 
98500 3551 26 
98550 3561 760 
98600 3569 1484 
98650 3567 2003 
98700 3566 2420 
98750 3552 2738 
98800 3576 3032 
98850 3562 3191 
98900 3546 3300 
98950 3564 3401 
99000 3567 3489 
99050 3367 2091 
99100 3470 1114 
99150 3522 505 
99200 3552 259 
99250 3557 92 
99300 3559 34 
99350 3565 12 
99400 3565 13 
99450 3582 14 
99500 3569 13 
99550 3564 591 
99600 3575 1285 
99650 3566 1786 
99700 3570 2268 
99750 3566 2619 
99800 3572 2939 
99850 3562 3158 
99900 3575 3324 
99950 3564 3410 
100000 3559 3489 
100050 3379 1989 
100100 3469 994 
100150 3519 554 
100200 3557 255 
100250 3564 91 
100300 3573 30 
100350 3565 9 
100400 3571 5 
100450 3575 8 
100500 3559 9 
100550 3552 545 
100600 3538 1302 
100650 3555 1896 
100700 3542 2416 
100750 3542 2760 
100800 3563 3027 
100850 3564 3187 
100900 3572 3359 
100950 3567 3434 
101000 3572 3489 
101050 3419 1857 
101100 3508 809 
101150 3556 342 
101200 3553 110 
101250 3562 24 
101300 3568 18 
101350 3574 12 
101400 3562 8 
101450 3570 5 
101500 3572 9 
101550 3572 596 
101600 3566 1345 
101650 3568 1912 
101700 3570 2426 
101750 3556 2835 
101800 3567 3148 
101850 3572 3330 
101900 3574 3468 
101950 3574 3520 
102000 3568 3512 
102050 3399 1874 
102100 3513 807 
102150 3556 314 
102200 3574 97 
102250 3556 26 
102300 3585 8 
102350 3565 17 
102400 3546 19 
102450 3559 15 
102500 3567 4 
102550 3565 941 
102600 3559 1786 
102650 3554 2336 
102700 3552 2692 
102750 3568 2994 
102800 3562 3228 
102850 3567 3381 
102900 3563 3502 
102950 3559 3539 
103000 3559 3521 
103050 3423 1701 
103100 3530 521 
103150 3558 116 
103200 3569 24 
103250 3562 12 
103300 3547 20 
103350 3565 17 
103400 3559 7 
103450 3553 14 
103500 3571 15 
103550 3559 702 
103600 3554 1546 
103650 3552 2167 
103700 3550 2603 
103750 3568 2946 
103800 3565 3204 
103850 3562 3409 
103900 3557 3482 
103950 3568 3538 
104000 3566 3539 
104050 3384 1974 
104100 3465 989 
104150 3523 462 
104200 3553 227 
104250 3553 97 
104300 3550 30 
104350 3557 7 
104400 3563 5 
104450 3569 10 
104500 3562 12 
104550 3567 830 
104600 3563 1488 
104650 3576 1997 
104700 3563 2467 
104750 3564 2809 
104800 3554 3079 
104850 3565 3268 
104900 3574 3440 
104950 3587 3524 
105000 3567 3527 
105050 3419 1796 
105100 3515 719 
105150 3547 306 
105200 3571 114 
105250 3576 43 
105300 3564 22 
105350 3565 4 
105400 3561 10 
105450 3555 8 
105500 3559 13 
105550 3559 860 
105600 3571 1576 
105650 3571 2135 
105700 3567 2531 
105750 3566 2858 
105800 3574 3161 
105850 3572 3338 
105900 3562 3455 
105950 3557 3476 
106000 3568 3548 
106050 3329 2078 
106100 3430 1090 
106150 3526 609 
106200 3552 345 
106250 3569 174 
106300 3558 74 
106350 3565 29 
106400 3558 28 
106450 3552 18 
106500 3561 24 
106550 3569 744 
106600 3562 1563 
106650 3580 2169 
106700 3575 2695 
106750 3558 3118 
106800 3568 3395 
106850 3556 3472 
106900 3567 3523 
106950 3577 3535 
107000 3562 3502 
107050 3457 1541 
107100 3539 536 
107150 3552 186 
107200 3570 57 
107250 3568 24 
107300 3569 20 
107350 3569 23 
107400 3561 10 
107450 3568 20 
107500 3563 17 
107550 3572 839 
107600 3565 1567 
107650 3565 2146 
107700 3568 2632 
107750 3555 3016 
107800 3541 3231 
107850 3568 3397 
107900 3565 3465 
107950 3567 3525 
108000 3571 3527 
108050 3396 1768 
108100 3512 641 
108150 3567 206 
108200 3579 45 
108250 3559 19 
108300 3567 16 
108350 3569 8 
108400 3573 21 
108450 3577 5 
108500 3576 7 
108550 3561 742 
108600 3567 1712 
108650 3574 2435 
108700 3566 2833 
108750 3577 3135 
108800 3571 3310 
108850 3569 3451 
108900 3569 3493 
108950 3570 3524 
109000 3570 3542 
109050 3420 1707 
109100 3514 683 
109150 3550 220 
109200 3575 50 
109250 3574 16 
109300 3571 11 
109350 3574 12 
109400 3573 15 
109450 3571 13 
109500 3561 5 
109550 3568 707 
109600 3568 1541 
109650 3570 2210 
109700 3568 2698 
109750 3575 2995 
109800 3569 3219 
109850 3564 3396 
109900 3563 3506 
109950 3571 3528 
110000 3563 3520 
110050 3464 1537 
110100 3556 427 
110150 3567 85 
110200 3555 17 
110250 3567 8 
110300 3574 8 
110350 3566 13 
110400 3571 9 
110450 3565 9 
110500 3565 20 
110550 3569 973 
110600 3573 1914 
110650 3561 2521 
110700 3570 2887 
110750 3564 3174 
110800 3575 3350 
110850 3570 3454 
110900 3565 3519 
110950 3578 3553 
111000 3573 3550 
111050 3357 1989 
111100 3477 1131 
111150 3557 656 
111200 3563 236 
111250 3564 44 
111300 3564 19 
111350 3560 9 
111400 3566 5 
111450 3564 13 
111500 3563 12 
111550 3560 1148 
111600 3573 2110 
111650 3564 2701 
111700 3575 3171 
111750 3575 3402 
111800 3571 3505 
111850 3555 3508 
111900 3578 3536 
111950 3571 3530 
112000 3562 3514 
112050 3467 1510 
112100 3540 505 
112150 3564 137 
112200 3565 36 
112250 3580 19 
112300 3558 20 
112350 3568 16 
112400 3575 7 
112450 3561 9 
112500 3557 11 
112550 3555 754 
112600 3545 1803 
112650 3535 2543 
112700 3548 3069 
112750 3573 3393 
112800 3570 3499 
112850 3564 3532 
112900 3575 3529 
112950 3567 3519 
113000 3578 3530 
113050 3456 1528 
113100 3545 477 
113150 3571 125 
113200 3565 45 
113250 3563 12 
113300 3559 8 
113350 3557 14 
113400 3563 18 
113450 3573 10 
113500 3560 10 
113550 3562 746 
113600 3575 1510 
113650 3562 2101 
113700 3566 2693 
113750 3568 3098 
113800 3569 3361 
113850 3562 3492 
113900 3576 3522 
113950 3567 3518 
114000 3572 3522 
114050 3408 1464 
114100 3519 437 
114150 3558 81 
114200 3559 22 
114250 3559 12 
114300 3568 15 
114350 3570 17 
114400 3576 21 
114450 3565 4 
114500 3571 9 
114550 3575 844 
114600 3565 1641 
114650 3574 2323 
114700 3567 2822 
114750 3579 3116 
114800 3564 3274 
114850 3562 3432 
114900 3567 3508 
114950 3562 3534 
115000 3570 3536 
115050 3418 1697 
115100 3540 686 
115150 3565 243 
115200 3569 76 
115250 3564 14 
115300 3572 20 
115350 3552 24 
115400 3574 11 
115450 3561 9 
115500 3563 17 
115550 3536 598 
115600 3517 1494 
115650 3534 2231 
115700 3559 2841 
115750 3563 3279 
115800 3569 3498 
115850 3558 3520 
115900 3570 3555 
115950 3572 3547 
116000 3565 3526 
116050 3432 1595 
116100 3541 513 
116150 3571 125 
116200 3569 27 
116250 3566 15 
116300 3570 21 
116350 3576 13 
116400 3563 9 
116450 3563 9 
116500 3564 12 
116550 3566 1221 
116600 3566 2222 
116650 3571 2714 
116700 3574 3055 
116750 3570 3282 
116800 3570 3406 
116850 3568 3520 
116900 3564 3549 
116950 3559 3542 
117000 3566 3543 
117050 3396 1832 
117100 3518 740 
117150 3561 337 
117200 3555 110 
117250 3568 36 
117300 3571 12 
117350 3573 12 
117400 3557 12 
117450 3562 11 
117500 3574 7 
117550 3559 853 
117600 3548 1611 
117650 3546 2196 
117700 3554 2663 
117750 3553 3020 
117800 3563 3271 
117850 3557 3424 
117900 3566 3515 
117950 3572 3549 
118000 3569 3541 
118050 3376 1793 
118100 3505 665 
118150 3546 193 
118200 3560 47 
118250 3566 16 
118300 3575 9 
118350 3576 11 
118400 3580 12 
118450 3568 5 
118500 3566 13 
118550 3568 804 
118600 3571 1533 
118650 3569 2209 
118700 3570 2717 
118750 3556 3074 
118800 3566 3298 
118850 3547 3429 
118900 3577 3531 
118950 3560 3541 
119000 3579 3564 
119050 3357 2058 
119100 3510 1166 
119150 3561 578 
119200 3550 209 
119250 3579 57 
119300 3545 14 
119350 3564 8 
119400 3568 6 
119450 3578 1 
119500 3566 8 
119550 3556 1055 
119600 3560 1876 
119650 3569 2419 
119700 3564 2837 
119750 3568 3168 
119800 3552 3383 
119850 3558 3511 
119900 3568 3533 
119950 3575 3540 
120000 3553 3528 
120050 3430 1650 
120100 3534 540 
120150 3559 128 
120200 3560 21 
120250 3567 7 
120300 3579 8 
120350 3571 13 
120400 3568 12 
120450 3570 11 
120500 3560 6 
120550 3571 984 
120600 3558 1933 
120650 3564 2530 
120700 3565 2894 
120750 3570 3183 
120800 3543 3322 
120850 3561 3428 
120900 3555 3505 
120950 3562 3525 
121000 3558 3517 
121050 3453 1556 
121100 3554 451 
121150 3566 105 
121200 3558 41 
121250 3570 12 
121300 3560 13 
121350 3548 12 
121400 3564 13 
121450 3553 7 
121500 3559 13 
121550 3545 764 
121600 3546 1909 
121650 3549 2648 
121700 3570 3147 
121750 3566 3438 
121800 3567 3531 
121850 3564 3543 
121900 3561 3547 
121950 3565 3528 
122000 3576 3555 
122050 3378 1756 
122100 3496 751 
122150 3545 307 
122200 3550 90 
122250 3556 20 
122300 3564 11 
122350 3569 9 
122400 3570 12 
122450 3568 13 
122500 3563 7 
122550 3555 1048 
122600 3558 1965 
122650 3551 2639 
122700 3562 3089 
122750 3566 3373 
122800 3582 3522 
122850 3554 3534 
122900 3556 3542 
122950 3574 3553 
123000 3565 3542 
123050 3375 1907 
123100 3517 760 
123150 3538 355 
123200 3551 155 
123250 3550 72 
123300 3563 16 
123350 3571 12 
123400 3567 8 
123450 3566 9 
123500 3563 7 
123550 3557 996 
123600 3569 1831 
123650 3564 2395 
123700 3559 2886 
123750 3563 3152 
123800 3569 3349 
123850 3565 3445 
123900 3570 3539 
123950 3555 3509 
124000 3579 3548 
124050 3421 1651 
124100 3508 524 
124150 3550 211 
124200 3578 75 
124250 3576 17 
124300 3563 4 
124350 3568 7 
124400 3566 7 
124450 3574 7 
124500 3566 9 
124550 3572 778 
124600 3566 1635 
124650 3569 2231 
124700 3579 2697 
124750 3573 3057 
124800 3566 3323 
124850 3572 3477 
124900 3564 3533 
124950 3574 3560 
125000 3559 3535 
125050 3375 1846 
125100 3525 684 
125150 3562 188 
125200 3564 31 
125250 3571 8 
125300 3576 4 
125350 3567 13 
125400 3571 10 
125450 3564 15 
125500 3570 11 
125550 3564 1274 
125600 3570 2215 
125650 3572 2773 
125700 3563 3055 
125750 3576 3218 
125800 3571 3368 
125850 3573 3477 
125900 3570 3544 
125950 3572 3554 
126000 3568 3547 
126050 3344 1833 
126100 3441 910 
126150 3543 562 
126200 3559 303 
126250 3559 126 
126300 3561 47 
126350 3564 12 
126400 3558 19 
126450 3567 12 
126500 3563 10 
126550 3573 976 
126600 3571 1973 
126650 3561 2595 
126700 3565 3010 
126750 3575 3255 
126800 3562 3420 
126850 3569 3529 
126900 3565 3551 
126950 3570 3558 
127000 3580 3564 
127050 3385 2015 
127100 3483 1198 
127150 3558 686 
127200 3556 296 
127250 3570 115 
127300 3559 37 
127350 3568 15 
127400 3579 13 
127450 3560 6 
127500 3567 7 
127550 3583 906 
127600 3568 1714 
127650 3573 2319 
127700 3576 2842 
127750 3558 3246 
127800 3575 3460 
127850 3558 3499 
127900 3566 3528 
127950 3568 3539 
128000 3573 3534 
128050 3385 1677 
128100 3463 770 
128150 3525 445 
128200 3554 244 
128250 3562 67 
128300 3579 11 
128350 3562 10 
128400 3571 4 
128450 3561 12 
128500 3564 11 
128550 3559 976 
128600 3572 2043 
128650 3549 2666 
128700 3564 3082 
128750 3574 3353 
128800 3567 3489 
128850 3567 3524 
128900 3570 3516 
128950 3556 3528 
129000 3573 3542 
129050 3437 1631 
129100 3520 526 
129150 3552 125 
129200 3572 38 
129250 3574 20 
129300 3569 21 
129350 3573 11 
129400 3572 15 
129450 3584 6 
129500 3553 8 
129550 3564 984 
129600 3556 1808 
129650 3557 2506 
129700 3571 2957 
129750 3569 3269 
129800 3575 3448 
129850 3575 3502 
129900 3562 3513 
129950 3573 3531 
130000 3560 3500 
130050 3446 1398 
130100 3550 292 
130150 3570 53 
130200 3560 7 
130250 3566 10 
130300 3566 10 
130350 3561 15 
130400 3564 5 
130450 3568 7 
130500 3568 5 
130550 3551 916 
130600 3569 1950 
130650 3568 2498 
130700 3566 2933 
130750 3565 3207 
130800 3573 3391 
130850 3573 3480 
130900 3569 3532 
130950 3561 3531 
131000 3565 3528 
131050 3462 1620 
131100 3530 604 
131150 3552 160 
131200 3569 71 
131250 3564 18 
131300 3574 3 
131350 3570 14 
131400 3570 4 
131450 3568 11 
131500 3576 13 
131550 3565 826 
131600 3568 1599 
131650 3567 2203 
131700 3570 2671 
131750 3571 2966 
131800 3565 3198 
131850 3564 3343 
131900 3564 3439 
131950 3558 3495 
132000 3572 3533 
132050 3434 1647 
132100 3513 615 
132150 3560 188 
132200 3572 62 
132250 3573 18 
132300 3577 9 
132350 3563 15 
132400 3566 11 
132450 3564 22 
132500 3576 14 
132550 3565 1174 
132600 3569 2097 
132650 3560 2750 
132700 3560 3171 
132750 3561 3380 
132800 3580 3487 
132850 3569 3500 
132900 3559 3504 
132950 3580 3492 
133000 3563 3494 
133050 3463 1449 
133100 3528 480 
133150 3572 133 
133200 3574 32 
133250 3554 12 
133300 3560 6 
133350 3566 12 
133400 3578 11 
133450 3568 19 
133500 3576 14 
133550 3560 1139 
133600 3578 2085 
133650 3567 2732 
133700 3563 3188 
133750 3573 3452 
133800 3569 3541 
133850 3577 3573 
133900 3566 3561 
133950 3555 3567 
134000 3580 3570 
134050 3321 2175 
134100 3500 1403 
134150 3491 826 
134200 3497 490 
134250 3516 202 
134300 3551 46 
134350 3565 17 
134400 3559 8 
134450 3559 4 
134500 3564 9 
134550 3555 848 
134600 3558 1632 
134650 3569 2208 
134700 3566 2743 
134750 3564 3094 
134800 3568 3288 
134850 3565 3413 
134900 3571 3470 
134950 3573 3515 
135000 3577 3541 
135050 3480 1390 
135100 3541 360 
135150 3558 45 
135200 3564 11 
135250 3582 6 
135300 3576 10 
135350 3567 10 
135400 3558 9 
135450 3565 5 
135500 3577 10 
135550 3575 614 
135600 3570 1291 
135650 3571 1892 
135700 3558 2443 
135750 3557 2826 
135800 3576 3098 
135850 3584 3321 
135900 3568 3411 
135950 3567 3488 
136000 3558 3480 
136050 3469 1423 
136100 3557 429 
136150 3560 99 
136200 3573 18 
136250 3565 10 
136300 3578 6 
136350 3562 10 
136400 3578 10 
136450 3568 10 
136500 3566 9 
136550 3574 956 
136600 3571 1745 
136650 3575 2289 
136700 3567 2768 
136750 3563 3099 
136800 3569 3354 
136850 3568 3488 
136900 3572 3503 
136950 3571 3533 
137000 3578 3508 
137050 3451 1432 
137100 3511 514 
137150 3562 159 
137200 3563 50 
137250 3574 12 
137300 3563 5 
137350 3573 7 
137400 3567 5 
137450 3565 7 
137500 3577 6 
137550 3510 218 
137600 3513 1177 
137650 3519 1891 
137700 3541 2422 
137750 3558 2872 
137800 3567 3141 
137850 3555 3306 
137900 3574 3454 
137950 3575 3523 
138000 3573 3561 
138050 3347 2100 
138100 3540 1255 
138150 3549 606 
138200 3562 259 
138250 3570 91 
138300 3570 25 
138350 3554 6 
138400 3573 2 
138450 3568 5 
138500 3563 11 
138550 3558 715 
138600 3558 1599 
138650 3565 2246 
138700 3566 2682 
138750 3565 3075 
138800 3565 3321 
138850 3561 3479 
138900 3570 3558 
138950 3562 3558 
139000 3562 3558 
139050 3265 2355 
139100 3540 1615 
139150 3521 940 
139200 3526 577 
139250 3530 314 
139300 3519 158 
139350 3540 71 
139400 3556 21 
139450 3561 6 
139500 3562 0 
139550 3579 952 
139600 3565 1755 
139650 3564 2282 
139700 3571 2685 
139750 3569 2991 
139800 3554 3239 
139850 3565 3423 
139900 3565 3522 
139950 3562 3541 
140000 3561 3550 
140050 3286 2116 
140100 3498 1221 
140150 3528 681 
140200 3565 344 
140250 3558 125 
140300 3571 25 
140350 3570 2 
140400 3570 0 
140450 3578 1 
140500 3553 0 
140550 3558 514 
140600 3551 1323 
140650 3558 1946 
140700 3568 2486 
140750 3551 2812 
140800 3557 3074 
140850 3570 3296 
140900 3568 3433 
140950 3563 3493 
141000 3550 3525 
141050 3346 1958 
141100 3442 1054 
141150 3513 704 
141200 3537 352 
141250 3537 96 
141300 3563 15 
141350 3552 2 
141400 3557 2 
141450 3559 2 
141500 3558 1 
141550 3562 551 
141600 3557 1387 
141650 3563 2040 
141700 3561 2569 
141750 3565 2958 
141800 3564 3209 
141850 3561 3384 
141900 3567 3491 
141950 3567 3542 
142000 3563 3550 
142050 3343 1999 
142100 3472 937 
142150 3538 461 
142200 3539 180 
142250 3543 59 
142300 3557 9 
142350 3545 6 
142400 3560 0 
142450 3554 2 
142500 3551 1 
142550 3544 242 
142600 3526 1139 
142650 3514 1758 
142700 3519 2269 
142750 3546 2729 
142800 3539 3081 
142850 3570 3303 
142900 3557 3426 
142950 3568 3521 
143000 3554 3531 
143050 3404 1760 
143100 3518 629 
143150 3547 224 
143200 3550 48 
143250 3552 4 
143300 3559 2 
143350 3549 0 
143400 3564 0 
143450 3568 4 
143500 3554 1 
143550 3528 17 
143600 3438 495 
143650 3367 1374 
143700 3372 2007 
143750 3389 2617 
143800 3401 3071 
143850 3418 3293 
143900 3486 3450 
143950 3546 3543 
144000 3558 3543 
144050 3372 1863 
144100 3483 743 
144150 3548 366 
144200 3552 149 
144250 3541 26 
144300 3553 6 
144350 3535 7 
144400 3557 3 
144450 3553 4 
144500 3538 5 
144550 3541 518 
144600 3544 1445 
144650 3535 2047 
144700 3536 2513 
144750 3537 2922 
144800 3542 3220 
144850 3559 3395 
144900 3561 3499 
144950 3559 3531 
145000 3549 3533 
145050 3319 1994 
145100 3451 1023 
145150 3530 569 
145200 3531 247 
145250 3553 83 
145300 3546 16 
145350 3539 7 
145400 3562 2 
145450 3555 0 
145500 3547 1 
145550 3558 95 
145600 3554 1049 
145650 3558 1729 
145700 3574 2353 
145750 3556 2870 
145800 3561 3176 
145850 3558 3377 
145900 3539 3489 
145950 3558 3533 
146000 3564 3549 
146050 3360 2043 
146100 3464 1180 
146150 3531 722 
146200 3528 441 
146250 3511 262 
146300 3524 139 
146350 3561 45 
146400 3566 9 
146450 3559 6 
146500 3551 3 
146550 3545 176 
146600 3546 1058 
146650 3559 1737 
146700 3562 2300 
146750 3558 2785 
146800 3562 3086 
146850 3552 3277 
146900 3573 3431 
146950 3566 3511 
147000 3556 3538 
147050 3341 2011 
147100 3491 901 
147150 3546 381 
147200 3553 138 
147250 3558 48 
147300 3546 4 
147350 3553 8 
147400 3544 7 
147450 3560 0 
147500 3547 3 
147550 3555 393 
147600 3569 1180 
147650 3564 1877 
147700 3562 2494 
147750 3562 2957 
147800 3559 3236 
147850 3557 3384 
147900 3561 3481 
147950 3564 3547 
148000 3568 3550 
148050 3369 1806 
148100 3462 769 
148150 3546 249 
148200 3550 70 
148250 3555 6 
148300 3539 1 
148350 3543 2 
148400 3543 2 
148450 3550 4 
148500 3544 2 
148550 3552 0 
148600 3547 0 
148650 3545 0 
148700 3571 152 
148750 3578 1091 
148800 3569 1730 
148850 3568 2342 
148900 3557 2852 
148950 3555 3146 
149000 3564 3365 
149050 3348 1818 
149100 3486 687 
149150 3521 192 
149200 3555 62 
149250 3568 13 
149300 3556 16 
149350 3553 13 
149400 3553 5 
149450 3554 13 
149500 3562 7 
149550 3558 7 
149600 3500 586 
149650 3483 1449 
149700 3498 2121 
149750 3551 2713 
149800 3565 3094 
149850 3564 3376 
149900 3565 3503 
149950 3550 3521 
150000 3550 3525 
150050 3345 1805 
150100 3469 782 
150150 3523 398 
150200 3541 186 
150250 3557 71 
150300 3557 18 
150350 3557 3 
150400 3553 3 
150450 3561 4 
150500 3553 1 
150550 3557 1 
150600 3565 948 
150650 3564 1668 
150700 3569 2308 
150750 3561 2751 
150800 3557 3126 
150850 3559 3354 
150900 3558 3482 
150950 3565 3544 
151000 3556 3534 
151050 3378 1825 
151100 3466 794 
151150 3548 347 
151200 3551 67 
151250 3548 4 
151300 3558 2 
151350 3573 1 
151400 3565 1 
151450 3562 1 
151500 3572 0 
151550 3556 222 
151600 3567 1040 
151650 3559 1683 
151700 3561 2240 
151750 3566 2771 
151800 3557 3115 
151850 3553 3345 
151900 3565 3481 
151950 3571 3529 
152000 3552 3531 
152050 3391 1838 
152100 3449 904 
152150 3527 505 
152200 3544 235 
152250 3548 67 
152300 3541 14 
152350 3554 4 
152400 3555 1 
152450 3557 3 
152500 3563 1 
152550 3548 4 
152600 3544 435 
152650 3554 1363 
152700 3553 2073 
152750 3560 2601 
152800 3565 3025 
152850 3551 3291 
152900 3544 3458 
152950 3560 3539 
153000 3557 3540 
153050 3300 1965 
153100 3431 949 
153150 3482 401 
153200 3532 136 
153250 3547 23 
153300 3567 7 
153350 3557 0 
153400 3560 0 
153450 3548 2 
153500 3549 3 
153550 3532 725 
153600 3529 1510 
153650 3557 2110 
153700 3540 2616 
153750 3551 3006 
153800 3535 3254 
153850 3545 3439 
153900 3556 3519 
153950 3556 3545 
154000 3556 3544 
154050 3300 1967 
154100 3482 951 
154150 3543 402 
154200 3560 128 
154250 3566 28 
154300 3556 9 
154350 3559 4 
154400 3557 0 
154450 3559 0 
154500 3550 4 
154550 3565 764 
154600 3562 1521 
154650 3562 2168 
154700 3552 2644 
154750 3548 3019 
154800 3574 3266 
154850 3557 3423 
154900 3550 3494 
154950 3564 3547 
155000 3565 3553 
155050 3374 1844 
155100 3490 701 
155150 3543 240 
155200 3545 37 
155250 3546 5 
155300 3550 6 
155350 3552 1 
155400 3558 1 
155450 3559 1 
155500 3559 1 
155550 3560 665 
155600 3566 1387 
155650 3555 2036 
155700 3560 2577 
155750 3553 2995 
155800 3561 3274 
155850 3568 3435 
155900 3566 3503 
155950 3558 3539 
156000 3544 3524 
156050 3273 1971 
156100 3418 1022 
156150 3511 505 
156200 3527 181 
156250 3548 46 
156300 3563 10 
156350 3554 1 
156400 3564 6 
156450 3556 3 
156500 3561 2 
156550 3574 674 
156600 3567 1560 
156650 3546 2153 
156700 3569 2684 
156750 3550 3049 
156800 3559 3334 
156850 3538 3481 
156900 3550 3547 
156950 3551 3543 
157000 3558 3550 
157050 3375 1977 
157100 3485 854 
157150 3539 374 
157200 3561 124 
157250 3540 38 
157300 3569 9 
157350 3570 1 
157400 3556 0 
157450 3543 1 
157500 3560 3 
157550 3542 0 
157600 3536 607 
157650 3538 1357 
157700 3542 2045 
157750 3551 2639 
157800 3554 3006 
157850 3569 3219 
157900 3550 3381 
157950 3567 3504 
158000 3567 3547 
158050 3324 2065 
158100 3515 1217 
158150 3533 698 
158200 3528 321 
158250 3539 127 
158300 3552 28 
158350 3537 2 
158400 3557 0 
158450 3556 0 
158500 3551 2 
158550 3560 353 
158600 3568 1229 
158650 3555 1909 
158700 3547 2484 
158750 3563 2984 
158800 3566 3307 
158850 3552 3438 
158900 3552 3522 
158950 3539 3526 
159000 3553 3539 
159050 3363 2037 
159100 3521 1065 
159150 3549 533 
159200 3538 221 
159250 3567 57 
159300 3548 6 
159350 3556 2 
159400 3551 0 
159450 3553 0 
159500 3552 1 
159550 3576 143 
159600 3565 1107 
159650 3551 1795 
159700 3555 2348 
159750 3565 2877 
159800 3558 3136 
159850 3571 3313 
159900 3567 3441 
159950 3555 3502 
160000 3566 3550 
160050 3392 1964 
160100 3517 832 
160150 3578 339 
160200 3563 67 
160250 3551 4 
160300 3555 2 
160350 3566 1 
160400 3548 1 
160450 3545 2 
160500 3568 2 
160550 3560 733 
160600 3563 1504 
160650 3572 2169 
160700 3563 2756 
160750 3566 3134 
160800 3548 3353 
160850 3560 3502 
160900 3565 3540 
160950 3562 3547 
161000 3565 3550 
161050 3384 1940 
161100 3497 889 
161150 3556 381 
161200 3557 113 
161250 3533 23 
161300 3549 2 
161350 3560 2 
161400 3548 0 
161450 3554 3 
161500 3567 2 
161550 3564 3 
161600 3512 57 
161650 3252 313 
161700 2853 696 
161750 2668 1588 
161800 2758 2286 
161850 3018 2727 
161900 3246 3130 
161950 3379 3369 
162000 3506 3496 
162050 3264 2206 
162100 3465 1504 
162150 3502 934 
162200 3517 506 
162250 3543 263 
162300 3565 123 
162350 3554 50 
162400 3557 7 
162450 3546 0 
162500 3566 0 
162550 3534 23 
162600 3266 602 
162650 3185 1485 
162700 3209 2132 
162750 3298 2627 
162800 3402 3000 
162850 3466 3172 
162900 3502 3340 
162950 3525 3433 
163000 3541 3497 
163050 3319 2042 
163100 3447 1193 
163150 3514 777 
163200 3532 457 
163250 3546 274 
163300 3555 118 
163350 3557 37 
163400 3559 1 
163450 3552 1 
163500 3543 0 
163550 3560 278 
163600 3565 1233 
163650 3573 1891 
163700 3558 2405 
163750 3568 2859 
163800 3575 3230 
163850 3557 3417 
163900 3569 3515 
163950 3561 3549 
164000 3558 3562 
164050 3519 2892 
164100 3488 2010 
164150 3497 1418 
164200 3538 950 
164250 3545 604 
164300 3554 360 
164350 3549 214 
164400 3567 103 
164450 3567 45 
164500 3556 7 
164550 3568 0 
164600 3492 71 
164650 3413 873 
164700 3453 1579 
164750 3437 2161 
164800 3479 2701 
164850 3536 3048 
164900 3561 3264 
164950 3568 3401 
165000 3572 3488 
165050 3344 2090 
165100 3460 1055 
165150 3556 559 
165200 3553 212 
165250 3555 44 
165300 3564 6 
165350 3563 3 
165400 3574 3 
165450 3558 8 
165500 3553 3 
165550 3533 448 
165600 3537 1350 
165650 3518 1931 
165700 3545 2439 
165750 3558 2816 
165800 3565 3135 
165850 3576 3358 
165900 3576 3485 
165950 3569 3556 
166000 3579 3568 
166050 3356 2074 
166100 3497 1193 
166150 3522 659 
166200 3548 319 
166250 3541 119 
166300 3563 12 
166350 3557 4 
166400 3555 3 
166450 3569 9 
166500 3577 2 
166550 3562 2 
166600 3555 444 
166650 3543 1308 
166700 3552 2035 
166750 3565 2588 
166800 3556 2997 
166850 3562 3247 
166900 3560 3400 
166950 3546 3459 
167000 3546 3510 
167050 3395 1720 
167100 3524 583 
167150 3559 156 
167200 3565 41 
167250 3540 3 
167300 3563 5 
167350 3557 6 
167400 3564 4 
167450 3566 2 
167500 3537 7 
167550 3546 744 
167600 3537 1823 
167650 3549 2466 
167700 3560 2936 
167750 3535 3310 
167800 3534 3467 
167850 3546 3517 
167900 3556 3524 
167950 3564 3526 
168000 3565 3531 
168050 3403 1700 
168100 3509 522 
168150 3538 153 
168200 3538 31 
168250 3559 7 
168300 3549 5 
168350 3546 3 
168400 3540 7 
168450 3539 5 
168500 3550 5 
168550 3552 605 
168600 3558 1403 
168650 3552 1993 
168700 3552 2557 
168750 3564 2965 
168800 3558 3189 
168850 3555 3327 
168900 3561 3423 
168950 3566 3511 
169000 3555 3518 
169050 3412 1680 
169100 3520 573 
169150 3554 150 
169200 3532 30 
169250 3548 10 
169300 3555 2 
169350 3547 2 
169400 3553 2 
169450 3564 7 
169500 3560 4 
169550 3543 703 
169600 3528 1564 
169650 3548 2192 
169700 3569 2724 
169750 3555 3077 
169800 3555 3302 
169850 3557 3443 
169900 3548 3492 
169950 3544 3512 
170000 3552 3523 
170050 3404 1630 
170100 3498 513 
170150 3536 141 
170200 3549 41 
170250 3556 14 
170300 3539 4 
170350 3543 2 
170400 3556 5 
170450 3548 1 
170500 3546 5 
170550 3540 331 
170600 3559 1297 
170650 3565 1905 
170700 3558 2504 
170750 3544 2869 
170800 3551 3106 
170850 3537 3259 
170900 3555 3395 
170950 3552 3444 
171000 3546 3498 
171050 3326 1888 
171100 3437 939 
171150 3538 546 
171200 3526 188 
171250 3541 36 
171300 3550 9 
171350 3553 3 
171400 3561 2 
171450 3556 2 
171500 3560 4 
171550 3560 710 
171600 3564 1449 
171650 3560 2062 
171700 3548 2557 
171750 3564 2957 
171800 3560 3237 
171850 3564 3383 
171900 3549 3466 
171950 3557 3522 
172000 3566 3535 
172050 3381 1791 
172100 3453 815 
172150 3544 510 
172200 3561 279 
172250 3537 113 
172300 3545 20 
172350 3554 11 
172400 3546 4 
172450 3551 4 
172500 3564 3 
172550 3552 842 
172600 3553 1741 
172650 3530 2377 
172700 3551 2820 
172750 3559 3132 
172800 3552 3325 
172850 3543 3463 
172900 3559 3543 
172950 3546 3534 
173000 3565 3552 
173050 3264 2237 
173100 3461 1577 
173150 3478 982 
173200 3491 527 
173250 3528 229 
173300 3531 106 
173350 3547 26 
173400 3548 3 
173450 3557 4 
173500 3558 4 
173550 3559 698 
173600 3561 1406 
173650 3554 2024 
173700 3556 2536 
173750 3542 2905 
173800 3546 3154 
173850 3554 3355 
173900 3557 3454 
173950 3557 3504 
174000 3556 3530 
174050 3365 1787 
174100 3472 639 
174150 3531 170 
174200 3553 30 
174250 3544 4 
174300 3559 3 
174350 3557 11 
174400 3556 6 
174450 3555 7 
174500 3551 6 
174550 3557 802 
174600 3546 1615 
174650 3551 2256 
174700 3553 2774 
174750 3559 3160 
174800 3565 3409 
174850 3556 3515 
174900 3567 3552 
174950 3547 3535 
175000 3556 3535 
175050 3356 1781 
175100 3510 668 
175150 3557 227 
175200 3550 51 
175250 3543 22 
175300 3549 10 
175350 3549 4 
175400 3552 5 
175450 3543 8 
175500 3543 2 
175550 3536 717 
175600 3532 1491 
175650 3530 2046 
175700 3546 2599 
175750 3549 3058 
175800 3556 3365 
175850 3564 3484 
175900 3557 3523 
175950 3551 3530 
176000 3568 3546 
176050 3378 1786 
176100 3506 610 
176150 3535 204 
176200 3545 42 
176250 3542 9 
176300 3562 1 
176350 3550 8 
176400 3545 7 
176450 3563 3 
176500 3547 5 
176550 3551 864 
176600 3554 1842 
176650 3554 2441 
176700 3557 2902 
176750 3544 3213 
176800 3551 3386 
176850 3538 3437 
176900 3551 3515 
176950 3559 3532 
177000 3539 3509 
177050 3313 1887 
177100 3436 874 
177150 3504 439 
177200 3524 206 
177250 3553 81 
177300 3552 24 
177350 3553 9 
177400 3538 5 
177450 3535 10 
177500 3566 3 
177550 3548 691 
177600 3555 1414 
177650 3562 2060 
177700 3553 2610 
177750 3546 2991 
177800 3537 3211 
177850 3556 3369 
177900 3564 3481 
177950 3554 3520 
178000 3564 3532 
178050 3352 1820 
178100 3488 689 
178150 3540 301 
178200 3530 55 
178250 3544 14 
178300 3536 8 
178350 3574 1 
178400 3531 8 
178450 3557 3 
178500 3552 10 
178550 3548 0 
178600 3536 1199 
178650 3548 2123 
178700 3559 2720 
178750 3557 3126 
178800 3556 3316 
178850 3553 3453 
178900 3542 3512 
178950 3555 3529 
179000 3562 3543 
179050 3392 1814 
179100 3486 815 
179150 3540 409 
179200 3546 172 
179250 3550 41 
179300 3549 8 
179350 3555 2 
179400 3546 3 
179450 3555 1 
179500 3558 2 
179550 3560 721 
179600 3550 1608 
179650 3543 2309 
179700 3547 2773 
179750 3538 3118 
179800 3546 3348 
179850 3545 3455 
179900 3553 3514 
179950 3555 3529 
180000 3561 3541 
180050 3400 1723 
180100 3499 697 
180150 3524 284 
180200 3557 81 
180250 3555 19 
180300 3532 3 
180350 3549 10 
180400 3544 3 
180450 3543 8 
180500 3562 7 
180550 3498 181 
180600 3556 1026 
180650 3563 1676 
180700 3565 2297 
180750 3564 2804 
180800 3558 3132 
180850 3550 3357 
180900 3549 3477 
180950 3550 3525 
181000 3557 3540 
181050 3391 1656 
181100 3521 497 
181150 3535 121 
181200 3554 17 
181250 3547 2 
181300 3556 7 
181350 3542 1 
181400 3558 3 
181450 3562 2 
181500 3561 3 
181550 3538 377 
181600 3535 1197 
181650 3551 1862 
181700 3553 2421 
181750 3560 2843 
181800 3560 3115 
181850 3560 3314 
181900 3546 3471 
181950 3563 3531 
182000 3548 3526 
182050 3377 1674 
182100 3497 612 
182150 3543 216 
182200 3541 61 
182250 3541 14 
182300 3546 2 
182350 3558 2 
182400 3564 4 
182450 3530 3 
182500 3565 0 
182550 3553 709 
182600 3544 1546 
182650 3557 2139 
182700 3555 2600 
182750 3565 2991 
182800 3550 3358 
182850 3557 3496 
182900 3556 3516 
182950 3566 3536 
183000 3557 3509 
183050 3371 1828 
183100 3485 691 
183150 3537 217 
183200 3554 71 
183250 3551 9 
183300 3559 5 
183350 3554 5 
183400 3548 7 
183450 3551 5 
183500 3549 4 
183550 3530 771 
183600 3549 1487 
183650 3549 2107 
183700 3535 2550 
183750 3542 2917 
183800 3546 3147 
183850 3535 3302 
183900 3541 3442 
183950 3558 3517 
184000 3550 3536 
184050 3332 1889 
184100 3457 827 
184150 3513 408 
184200 3534 122 
184250 3556 16 
184300 3543 7 
184350 3543 15 
184400 3570 8 
184450 3559 5 
184500 3561 4 
184550 3520 842 
184600 3527 1694 
184650 3551 2407 
184700 3570 2934 
184750 3560 3264 
184800 3547 3447 
184850 3544 3508 
184900 3531 3517 
184950 3551 3529 
185000 3542 3523 
185050 3371 1799 
185100 3487 615 
185150 3547 163 
185200 3538 44 
185250 3540 16 
185300 3553 8 
185350 3546 6 
185400 3559 6 
185450 3554 0 
185500 3562 5 
185550 3537 724 
185600 3562 1497 
185650 3561 2115 
185700 3554 2634 
185750 3554 3033 
185800 3552 3276 
185850 3565 3462 
185900 3550 3516 
185950 3557 3533 
186000 3536 3508 
186050 3417 1779 
186100 3507 647 
186150 3540 189 
186200 3550 52 
186250 3551 4 
186300 3545 5 
186350 3550 8 
186400 3548 7 
186450 3557 8 
186500 3553 6 
186550 3548 769 
186600 3555 1623 
186650 3564 2372 
186700 3559 2997 
186750 3553 3348 
186800 3563 3503 
186850 3563 3546 
186900 3553 3525 
186950 3546 3537 
187000 3566 3544 
187050 3330 1842 
187100 3459 830 
187150 3524 470 
187200 3540 178 
187250 3549 52 
187300 3544 19 
187350 3551 6 
187400 3553 3 
187450 3548 4 
187500 3541 8 
187550 3536 735 
187600 3560 1514 
187650 3552 2148 
187700 3558 2663 
187750 3551 3031 
187800 3552 3234 
187850 3560 3361 
187900 3556 3443 
187950 3546 3509 
188000 3555 3552 
188050 3299 2147 
188100 3516 1372 
188150 3508 696 
188200 3528 272 
188250 3542 89 
188300 3545 7 
188350 3548 3 
188400 3538 1 
188450 3544 1 
188500 3550 4 
188550 3558 2 
188600 3549 380 
188650 3564 1191 
188700 3558 1822 
188750 3550 2330 
188800 3560 2750 
188850 3563 3055 
188900 3525 3260 
188950 3541 3405 
189000 3545 3465 
189050 3337 1868 
189100 3435 923 
189150 3502 487 
189200 3517 219 
189250 3525 78 
189300 3560 16 
189350 3544 6 
189400 3543 5 
189450 3550 3 
189500 3546 0 
189550 3555 641 
189600 3552 1436 
189650 3555 1936 
189700 3542 2367 
189750 3535 2755 
189800 3529 3024 
189850 3532 3205 
189900 3522 3325 
189950 3531 3417 
190000 3542 3500 
190050 3312 2170 
190100 3483 1272 
190150 3521 673 
190200 3547 281 
190250 3536 82 
190300 3543 16 
190350 3535 2 
190400 3564 2 
190450 3563 3 
190500 3560 2 
190550 3551 1074 
190600 3543 1929 
190650 3540 2585 
190700 3552 3059 
190750 3541 3343 
190800 3552 3492 
190850 3541 3517 
190900 3549 3542 
190950 3555 3541 
191000 3540 3529 
191050 3311 1969 
191100 3445 1019 
191150 3521 507 
191200 3535 196 
191250 3544 74 
191300 3545 18 
191350 3544 9 
191400 3537 11 
191450 3550 7 
191500 3561 4 
191550 3551 817 
191600 3546 1742 
191650 3544 2312 
191700 3540 2829 
191750 3545 3228 
191800 3551 3389 
191850 3559 3510 
191900 3560 3530 
191950 3556 3532 
192000 3544 3511 
192050 3394 1690 
192100 3497 594 
192150 3542 164 
192200 3561 29 
192250 3555 3 
192300 3550 5 
192350 3547 4 
192400 3550 6 
192450 3540 5 
192500 3548 9 
192550 3521 825 
192600 3521 1620 
192650 3538 2214 
192700 3539 2704 
192750 3545 3063 
192800 3553 3295 
192850 3550 3421 
192900 3558 3494 
192950 3545 3522 
193000 3546 3537 
193050 3267 2136 
193100 3439 1236 
193150 3486 709 
193200 3472 371 
193250 3518 175 
193300 3512 67 
193350 3548 18 
193400 3547 5 
193450 3547 3 
193500 3558 4 
193550 3554 738 
193600 3563 1432 
193650 3557 2023 
193700 3553 2579 
193750 3563 3012 
193800 3563 3281 
193850 3550 3431 
193900 3538 3502 
193950 3558 3537 
194000 3543 3528 
194050 3308 2020 
194100 3444 1073 
194150 3526 701 
194200 3516 369 
194250 3518 178 
194300 3541 68 
194350 3557 21 
194400 3557 6 
194450 3546 9 
194500 3562 12 
194550 3540 845 
194600 3534 1524 
194650 3557 2191 
194700 3552 2725 
194750 3551 3105 
194800 3563 3323 
194850 3559 3450 
194900 3552 3521 
194950 3563 3541 
195000 3580 3558 
195050 3345 1926 
195100 3469 866 
195150 3530 430 
195200 3551 150 
195250 3537 46 
195300 3542 11 
195350 3552 8 
195400 3556 4 
195450 3562 10 
195500 3549 12 
195550 3540 864 
195600 3547 1806 
195650 3554 2470 
195700 3542 2852 
195750 3559 3147 
195800 3569 3343 
195850 3547 3461 
195900 3546 3522 
195950 3563 3546 
196000 3567 3547 
196050 3363 1986 
196100 3464 1025 
196150 3522 577 
196200 3533 250 
196250 3521 100 
196300 3539 20 
196350 3540 4 
196400 3567 2 
196450 3551 7 
196500 3560 6 
196550 3551 14 
196600 3355 252 
196650 3383 1131 
196700 3441 1763 
196750 3457 2317 
196800 3533 2800 
196850 3530 3136 
196900 3512 3352 
196950 3522 3485 
197000 3521 3522 
197050 3266 2049 
197100 3424 1199 
197150 3475 668 
197200 3523 264 
197250 3550 40 
197300 3552 1 
197350 3553 4 
197400 3544 1 
197450 3555 2 
197500 3566 0 
197550 3491 89 
197600 3417 871 
197650 3449 1479 
197700 3485 2060 
197750 3465 2542 
197800 3503 2989 
197850 3521 3213 
197900 3522 3352 
197950 3530 3441 
198000 3537 3507 
198050 3258 2220 
198100 3476 1393 
198150 3481 800 
198200 3528 423 
198250 3525 232 
198300 3528 91 
198350 3559 15 
198400 3536 3 
198450 3541 0 
198500 3558 0 
198550 3543 0 
198600 3545 437 
198650 3533 1262 
198700 3527 1920 
198750 3521 2512 
198800 3522 3001 
198850 3520 3286 
198900 3521 3411 
198950 3515 3507 
199000 3528 3552 
199050 3161 2313 
199100 3417 1663 
199150 3389 1024 
199200 3412 620 
199250 3487 352 
199300 3518 157 
199350 3537 57 
199400 3534 9 
199450 3549 3 
199500 3549 4 
199550 3551 388 
199600 3542 1156 
199650 3533 1826 
199700 3541 2369 
199750 3529 2859 
199800 3544 3188 
199850 3544 3401 
199900 3536 3489 
199950 3547 3532 
200000 3509 3501 
