# Avida tasks data
# Fri Apr  6 10:09:21 2012
# First column gives the current update, next columns give the number
# of organisms that have the particular task as a component of their merit
#  1: Update
#  2: Xor
#  3: Equals

0 0 0 
50 5 5 
100 21 21 
150 79 79 
200 181 181 
250 335 336 
300 557 556 
350 800 800 
400 1087 1088 
450 1477 1478 
500 1914 1916 
550 2407 2409 
600 2971 2973 
650 3323 3330 
700 3491 3490 
750 3539 3533 
800 3546 3545 
850 3515 3519 
900 3528 3525 
950 3532 3536 
1000 3552 3551 
1050 3547 3551 
1100 3549 3546 
1150 3539 3543 
1200 3536 3543 
1250 3543 3537 
1300 3531 3535 
1350 3527 3538 
1400 3523 3527 
1450 3530 3531 
1500 3530 3527 
1550 3545 3548 
1600 3533 3537 
1650 3528 3532 
1700 3541 3540 
1750 3542 3542 
1800 3550 3555 
1850 3553 3557 
1900 3555 3557 
1950 3548 3545 
2000 3530 3533 
2050 3547 3551 
2100 3532 3535 
2150 3538 3535 
2200 3542 3545 
2250 3539 3543 
2300 3543 3549 
2350 3533 3526 
2400 3556 3552 
2450 3551 3555 
2500 3530 3527 
2550 3536 3533 
2600 3546 3542 
2650 3558 3555 
2700 3556 3551 
2750 3534 3536 
2800 3536 3549 
2850 3544 3549 
2900 3558 3562 
2950 3531 3538 
3000 3556 3555 
3050 3539 3543 
3100 3543 3549 
3150 3555 3555 
3200 3532 3531 
3250 3530 3527 
3300 3538 3541 
3350 3536 3537 
3400 3557 3557 
3450 3571 3570 
3500 3559 3555 
3550 3550 3550 
3600 3540 3545 
3650 3547 3548 
3700 3543 3540 
3750 3544 3544 
3800 3527 3520 
3850 3552 3550 
3900 3535 3537 
3950 3544 3546 
4000 3526 3530 
4050 3521 3519 
4100 3537 3543 
4150 3545 3547 
4200 3546 3548 
4250 3549 3548 
4300 3541 3551 
4350 3538 3541 
4400 3545 3541 
4450 3535 3530 
4500 3563 3561 
4550 3558 3561 
4600 3544 3544 
4650 3532 3531 
4700 3536 3539 
4750 3552 3551 
4800 3545 3543 
4850 3551 3549 
4900 3548 3546 
4950 3534 3536 
5000 3527 3528 
5050 3544 3536 
5100 3541 3544 
5150 3542 3545 
5200 3547 3542 
5250 3545 3538 
5300 3539 3540 
5350 3558 3556 
5400 3542 3541 
5450 3547 3549 
5500 3541 3544 
5550 3526 3527 
5600 3536 3535 
5650 3545 3542 
5700 3535 3536 
5750 3532 3532 
5800 3546 3546 
5850 3534 3530 
5900 3542 3537 
5950 3545 3547 
6000 3551 3554 
6050 3559 3558 
6100 3550 3545 
6150 3527 3525 
6200 3543 3530 
6250 3550 3549 
6300 3535 3535 
6350 3535 3537 
6400 3547 3542 
6450 3544 3545 
6500 3558 3554 
6550 3545 3554 
6600 3552 3554 
6650 3567 3563 
6700 3541 3544 
6750 3549 3541 
6800 3550 3545 
6850 3555 3557 
6900 3543 3539 
6950 3534 3538 
7000 3552 3551 
7050 3549 3554 
7100 3549 3553 
7150 3559 3555 
7200 3542 3541 
7250 3561 3557 
7300 3549 3551 
7350 3552 3551 
7400 3564 3559 
7450 3538 3536 
7500 3547 3547 
7550 3544 3546 
7600 3536 3531 
7650 3541 3540 
7700 3537 3532 
7750 3546 3545 
7800 3545 3544 
7850 3556 3560 
7900 3538 3537 
7950 3531 3532 
8000 3555 3555 
8050 3546 3545 
8100 3537 3532 
8150 3548 3548 
8200 3550 3550 
8250 3547 3549 
8300 3537 3535 
8350 3551 3544 
8400 3548 3550 
8450 3541 3546 
8500 3551 3557 
8550 3550 3551 
8600 3549 3546 
8650 3533 3541 
8700 3547 3549 
8750 3546 3544 
8800 3552 3552 
8850 3552 3547 
8900 3534 3536 
8950 3527 3534 
9000 3532 3533 
9050 3554 3551 
9100 3551 3547 
9150 3534 3537 
9200 3536 3537 
9250 3548 3544 
9300 3553 3550 
9350 3536 3537 
9400 3558 3553 
9450 3544 3542 
9500 3530 3531 
9550 3537 3539 
9600 3546 3543 
9650 3543 3542 
9700 3534 3534 
9750 3549 3549 
9800 3534 3538 
9850 3561 3562 
9900 3530 3532 
9950 3544 3541 
10000 3544 3545 
10050 3540 3538 
10100 3548 3552 
10150 3546 3549 
10200 3547 3541 
10250 3534 3539 
10300 3564 3563 
10350 3556 3547 
10400 3551 3551 
10450 3542 3538 
10500 3547 3549 
10550 3548 3549 
10600 3553 3557 
10650 3555 3557 
10700 3543 3546 
10750 3550 3557 
10800 3557 3553 
10850 3548 3553 
10900 3530 3531 
10950 3542 3544 
11000 3548 3559 
11050 3536 3543 
11100 3547 3546 
11150 3545 3545 
11200 3543 3542 
11250 3538 3542 
11300 3551 3549 
11350 3557 3559 
11400 3548 3551 
11450 3546 3542 
11500 3560 3557 
11550 3553 3553 
11600 3556 3550 
11650 3546 3545 
11700 3553 3550 
11750 3547 3546 
11800 3557 3554 
11850 3560 3560 
11900 3555 3553 
11950 3536 3541 
12000 3527 3526 
12050 3525 3530 
12100 3534 3539 
12150 3552 3550 
12200 3546 3543 
12250 3565 3567 
12300 3547 3545 
12350 3550 3550 
12400 3562 3562 
12450 3549 3550 
12500 3539 3542 
12550 3533 3541 
12600 3540 3544 
12650 3530 3530 
12700 3551 3551 
12750 3545 3539 
12800 3546 3548 
12850 3541 3542 
12900 3528 3532 
12950 3555 3555 
13000 3553 3552 
13050 3559 3561 
13100 3560 3552 
13150 3552 3553 
13200 3549 3550 
13250 3546 3550 
13300 3541 3542 
13350 3530 3529 
13400 3558 3552 
13450 3548 3550 
13500 3549 3549 
13550 3523 3520 
13600 3536 3540 
13650 3547 3548 
13700 3552 3544 
13750 3543 3541 
13800 3546 3553 
13850 3556 3556 
13900 3556 3556 
13950 3544 3542 
14000 3552 3552 
14050 3553 3553 
14100 3543 3544 
14150 3555 3553 
14200 3541 3539 
14250 3545 3543 
14300 3556 3553 
14350 3547 3543 
14400 3549 3543 
14450 3547 3546 
14500 3547 3547 
14550 3550 3544 
14600 3532 3528 
14650 3546 3543 
14700 3554 3555 
14750 3544 3541 
14800 3548 3551 
14850 3529 3525 
14900 3558 3555 
14950 3552 3552 
15000 3536 3548 
15050 3552 3555 
15100 3558 3556 
15150 3547 3547 
15200 3543 3538 
15250 3539 3540 
15300 3557 3554 
15350 3555 3559 
15400 3547 3552 
15450 3541 3542 
15500 3542 3545 
15550 3533 3535 
15600 3544 3546 
15650 3544 3543 
15700 3543 3545 
15750 3530 3525 
15800 3533 3536 
15850 3558 3557 
15900 3553 3547 
15950 3536 3534 
16000 3541 3542 
16050 3546 3549 
16100 3550 3552 
16150 3535 3537 
16200 3544 3551 
16250 3540 3534 
16300 3557 3557 
16350 3554 3553 
16400 3562 3559 
16450 3533 3532 
16500 3526 3530 
16550 3547 3551 
16600 3547 3546 
16650 3544 3544 
16700 3540 3542 
16750 3523 3527 
16800 3529 3532 
16850 3560 3560 
16900 3555 3556 
16950 3548 3553 
17000 3544 3544 
17050 3548 3548 
17100 3552 3555 
17150 3540 3541 
17200 3562 3561 
17250 3545 3547 
17300 3545 3544 
17350 3542 3539 
17400 3551 3550 
17450 3548 3544 
17500 3541 3544 
17550 3535 3532 
17600 3536 3540 
17650 3521 3531 
17700 3538 3547 
17750 3551 3549 
17800 3557 3555 
17850 3564 3567 
17900 3533 3528 
17950 3538 3539 
18000 3565 3568 
18050 3548 3546 
18100 3556 3556 
18150 3555 3551 
18200 3548 3546 
18250 3556 3551 
18300 3538 3539 
18350 3545 3541 
18400 3566 3561 
18450 3549 3549 
18500 3546 3541 
18550 3539 3538 
18600 3547 3553 
18650 3529 3535 
18700 3538 3537 
18750 3550 3554 
18800 3541 3542 
18850 3553 3545 
18900 3538 3537 
18950 3550 3546 
19000 3539 3545 
19050 3551 3552 
19100 3548 3551 
19150 3548 3546 
19200 3551 3557 
19250 3543 3544 
19300 3540 3541 
19350 3542 3547 
19400 3557 3559 
19450 3543 3542 
19500 3549 3548 
19550 3550 3548 
19600 3532 3534 
19650 3553 3553 
19700 3546 3540 
19750 3544 3544 
19800 3555 3548 
19850 3555 3555 
19900 3557 3555 
19950 3553 3551 
20000 3538 3535 
20050 3544 3540 
20100 3552 3541 
20150 3548 3541 
20200 3547 3542 
20250 3550 3546 
20300 3551 3550 
20350 3554 3541 
20400 3559 3552 
20450 3558 3560 
20500 3542 3539 
20550 3546 3543 
20600 3545 3541 
20650 3562 3561 
20700 3551 3546 
20750 3535 3532 
20800 3543 3545 
20850 3563 3559 
20900 3564 3559 
20950 3555 3548 
21000 3540 3533 
21050 3555 3554 
21100 3545 3553 
21150 3545 3542 
21200 3539 3532 
21250 3553 3552 
21300 3550 3554 
21350 3550 3540 
21400 3559 3556 
21450 3534 3526 
21500 3549 3548 
21550 3563 3560 
21600 3548 3541 
21650 3545 3552 
21700 3551 3549 
21750 3545 3543 
21800 3545 3543 
21850 3555 3553 
21900 3548 3545 
21950 3554 3554 
22000 3567 3561 
22050 3538 3535 
22100 3556 3547 
22150 3550 3552 
22200 3546 3541 
22250 3542 3540 
22300 3547 3549 
22350 3550 3549 
22400 3536 3533 
22450 3555 3550 
22500 3539 3542 
22550 3542 3544 
22600 3557 3555 
22650 3546 3542 
22700 3564 3556 
22750 3538 3543 
22800 3546 3547 
22850 3548 3548 
22900 3549 3551 
22950 3550 3548 
23000 3561 3559 
23050 3534 3528 
23100 3566 3562 
23150 3545 3542 
23200 3543 3540 
23250 3566 3562 
23300 3539 3535 
23350 3541 3540 
23400 3562 3559 
23450 3536 3535 
23500 3532 3540 
23550 3539 3541 
23600 3540 3540 
23650 3541 3540 
23700 3539 3543 
23750 3553 3552 
23800 3546 3546 
23850 3565 3557 
23900 3554 3554 
23950 3541 3536 
24000 3540 3534 
24050 3543 3544 
24100 3552 3552 
24150 3553 3549 
24200 3551 3550 
24250 3560 3553 
24300 3536 3539 
24350 3533 3539 
24400 3557 3560 
24450 3547 3546 
24500 3558 3553 
24550 3538 3533 
24600 3550 3547 
24650 3547 3544 
24700 3547 3535 
24750 3542 3536 
24800 3546 3540 
24850 3558 3564 
24900 3552 3555 
24950 3542 3539 
25000 3552 3543 
25050 3564 3561 
25100 3539 3540 
25150 3554 3544 
25200 3534 3534 
25250 3523 3520 
25300 3545 3546 
25350 3553 3549 
25400 3560 3555 
25450 3545 3546 
25500 3557 3553 
25550 3545 3543 
25600 3538 3533 
25650 3541 3542 
25700 3548 3544 
25750 3546 3543 
25800 3556 3553 
25850 3544 3542 
25900 3537 3532 
25950 3548 3547 
26000 3550 3548 
26050 3537 3539 
26100 3544 3540 
26150 3554 3551 
26200 3546 3546 
26250 3546 3544 
26300 3540 3536 
26350 3531 3531 
26400 3548 3542 
26450 3556 3550 
26500 3562 3559 
26550 3551 3547 
26600 3560 3561 
26650 3556 3560 
26700 3540 3537 
26750 3550 3544 
26800 3545 3545 
26850 3573 3571 
26900 3555 3558 
26950 3544 3548 
27000 3555 3553 
27050 3548 3543 
27100 3546 3544 
27150 3540 3537 
27200 3547 3545 
27250 3557 3556 
27300 3553 3551 
27350 3546 3541 
27400 3560 3553 
27450 3545 3540 
27500 3554 3549 
27550 3541 3537 
27600 3552 3553 
27650 3547 3549 
27700 3547 3542 
27750 3531 3534 
27800 3545 3550 
27850 3551 3554 
27900 3545 3540 
27950 3555 3551 
28000 3560 3562 
28050 3548 3550 
28100 3554 3547 
28150 3536 3534 
28200 3544 3543 
28250 3542 3542 
28300 3535 3540 
28350 3545 3542 
28400 3546 3542 
28450 3550 3550 
28500 3551 3542 
28550 3550 3546 
28600 3540 3538 
28650 3546 3544 
28700 3548 3546 
28750 3546 3545 
28800 3564 3569 
28850 3557 3559 
28900 3539 3531 
28950 3533 3534 
29000 3553 3551 
29050 3553 3553 
29100 3551 3549 
29150 3548 3546 
29200 3547 3546 
29250 3544 3543 
29300 3532 3533 
29350 3545 3540 
29400 3556 3548 
29450 3550 3541 
29500 3557 3557 
29550 3554 3545 
29600 3550 3546 
29650 3547 3538 
29700 3548 3537 
29750 3537 3532 
29800 3549 3543 
29850 3542 3544 
29900 3544 3535 
29950 3552 3547 
30000 3540 3540 
30050 3557 3550 
30100 3550 3544 
30150 3549 3543 
30200 3546 3540 
30250 3557 3554 
30300 3560 3555 
30350 3550 3547 
30400 3550 3546 
30450 3539 3530 
30500 3555 3553 
30550 3556 3554 
30600 3552 3551 
30650 3533 3542 
30700 3543 3541 
30750 3542 3534 
30800 3551 3545 
30850 3548 3542 
30900 3555 3552 
30950 3536 3533 
31000 3548 3547 
31050 3526 3530 
31100 3548 3550 
31150 3544 3538 
31200 3570 3570 
31250 3541 3544 
31300 3549 3548 
31350 3551 3553 
31400 3538 3543 
31450 3544 3547 
31500 3538 3534 
31550 3547 3542 
31600 3551 3552 
31650 3540 3541 
31700 3545 3542 
31750 3557 3560 
31800 3535 3531 
31850 3537 3535 
31900 3540 3540 
31950 3549 3548 
32000 3558 3556 
32050 3550 3546 
32100 3545 3549 
32150 3544 3551 
32200 3543 3543 
32250 3543 3549 
32300 3550 3549 
32350 3539 3542 
32400 3549 3546 
32450 3530 3530 
32500 3552 3553 
32550 3543 3539 
32600 3560 3556 
32650 3539 3540 
32700 3552 3550 
32750 3553 3551 
32800 3559 3556 
32850 3546 3539 
32900 3554 3548 
32950 3561 3559 
33000 3553 3551 
33050 3552 3555 
33100 3549 3551 
33150 3539 3535 
33200 3553 3549 
33250 3556 3551 
33300 3550 3551 
33350 3542 3539 
33400 3553 3557 
33450 3556 3549 
33500 3543 3543 
33550 3563 3565 
33600 3543 3543 
33650 3554 3556 
33700 3550 3548 
33750 3536 3534 
33800 3569 3559 
33850 3551 3553 
33900 3552 3547 
33950 3552 3548 
34000 3555 3552 
34050 3560 3560 
34100 3542 3547 
34150 3554 3557 
34200 3548 3546 
34250 3547 3544 
34300 3536 3539 
34350 3550 3543 
34400 3551 3551 
34450 3552 3555 
34500 3557 3560 
34550 3548 3544 
34600 3538 3543 
34650 3548 3544 
34700 3562 3569 
34750 3553 3549 
34800 3535 3540 
34850 3564 3555 
34900 3555 3551 
34950 3544 3539 
35000 3550 3555 
35050 3552 3553 
35100 3564 3565 
35150 3554 3555 
35200 3546 3546 
35250 3546 3543 
35300 3533 3536 
35350 3530 3539 
35400 3558 3559 
35450 3548 3550 
35500 3537 3542 
35550 3562 3561 
35600 3552 3546 
35650 3556 3552 
35700 3553 3550 
35750 3535 3538 
35800 3544 3546 
35850 3552 3546 
35900 3556 3558 
35950 3555 3555 
36000 3548 3555 
36050 3556 3557 
36100 3563 3563 
36150 3563 3566 
36200 3549 3549 
36250 3542 3538 
36300 3542 3541 
36350 3536 3538 
36400 3546 3535 
36450 3546 3546 
36500 3545 3544 
36550 3549 3541 
36600 3546 3550 
36650 3552 3559 
36700 3557 3557 
36750 3548 3550 
36800 3549 3547 
36850 3545 3548 
36900 3557 3555 
36950 3547 3542 
37000 3552 3548 
37050 3555 3547 
37100 3552 3549 
37150 3550 3540 
37200 3539 3535 
37250 3530 3532 
37300 3535 3536 
37350 3541 3532 
37400 3540 3537 
37450 3555 3555 
37500 3559 3556 
37550 3546 3548 
37600 3531 3529 
37650 3541 3538 
37700 3554 3559 
37750 3539 3540 
37800 3538 3538 
37850 3557 3560 
37900 3549 3546 
37950 3548 3547 
38000 3549 3548 
38050 3544 3544 
38100 3552 3554 
38150 3548 3546 
38200 3543 3543 
38250 3551 3552 
38300 3537 3538 
38350 3533 3528 
38400 3535 3528 
38450 3536 3538 
38500 3557 3560 
38550 3541 3541 
38600 3557 3551 
38650 3553 3551 
38700 3532 3528 
38750 3545 3546 
38800 3549 3547 
38850 3550 3549 
38900 3545 3547 
38950 3547 3541 
39000 3547 3546 
39050 3543 3547 
39100 3541 3548 
39150 3554 3548 
39200 3551 3545 
39250 3562 3558 
39300 3551 3553 
39350 3538 3538 
39400 3546 3551 
39450 3544 3543 
39500 3547 3555 
39550 3540 3539 
39600 3546 3550 
39650 3544 3545 
39700 3551 3548 
39750 3557 3554 
39800 3563 3563 
39850 3552 3554 
39900 3563 3564 
39950 3544 3544 
40000 3548 3546 
40050 3541 3537 
40100 3539 3537 
40150 3545 3550 
40200 3540 3539 
40250 3550 3547 
40300 3557 3560 
40350 3558 3550 
40400 3565 3562 
40450 3545 3540 
40500 3556 3553 
40550 3543 3546 
40600 3546 3546 
40650 3561 3556 
40700 3554 3558 
40750 3554 3551 
40800 3560 3556 
40850 3547 3549 
40900 3544 3548 
40950 3545 3548 
41000 3551 3550 
41050 3540 3538 
41100 3543 3546 
41150 3541 3547 
41200 3550 3548 
41250 3546 3545 
41300 3550 3554 
41350 3547 3547 
41400 3538 3546 
41450 3561 3565 
41500 3544 3540 
41550 3546 3548 
41600 3541 3537 
41650 3557 3559 
41700 3554 3561 
41750 3548 3552 
41800 3540 3539 
41850 3539 3537 
41900 3562 3564 
41950 3546 3542 
42000 3548 3539 
42050 3543 3543 
42100 3550 3551 
42150 3547 3548 
42200 3553 3552 
42250 3545 3541 
42300 3556 3551 
42350 3554 3552 
42400 3537 3533 
42450 3537 3538 
42500 3547 3538 
42550 3552 3552 
42600 3555 3548 
42650 3560 3560 
42700 3557 3553 
42750 3540 3547 
42800 3550 3550 
42850 3542 3535 
42900 3545 3544 
42950 3541 3542 
43000 3545 3543 
43050 3561 3560 
43100 3552 3556 
43150 3541 3546 
43200 3566 3562 
43250 3550 3544 
43300 3562 3555 
43350 3556 3556 
43400 3563 3561 
43450 3559 3564 
43500 3548 3545 
43550 3547 3549 
43600 3545 3540 
43650 3549 3548 
43700 3546 3548 
43750 3549 3547 
43800 3547 3541 
43850 3552 3556 
43900 3562 3561 
43950 3562 3562 
44000 3557 3550 
44050 3554 3556 
44100 3562 3565 
44150 3554 3553 
44200 3547 3551 
44250 3562 3563 
44300 3539 3544 
44350 3542 3540 
44400 3547 3542 
44450 3555 3556 
44500 3548 3544 
44550 3548 3548 
44600 3551 3545 
44650 3549 3546 
44700 3555 3555 
44750 3563 3558 
44800 3559 3567 
44850 3559 3559 
44900 3546 3544 
44950 3540 3532 
45000 3534 3533 
45050 3554 3556 
45100 3548 3548 
45150 3554 3549 
45200 3539 3537 
45250 3542 3539 
45300 3546 3546 
45350 3549 3547 
45400 3564 3560 
45450 3552 3551 
45500 3553 3554 
45550 3552 3545 
45600 3557 3559 
45650 3554 3553 
45700 3555 3555 
45750 3545 3542 
45800 3549 3550 
45850 3543 3534 
45900 3553 3545 
45950 3550 3545 
46000 3550 3549 
46050 3545 3541 
46100 3547 3544 
46150 3546 3542 
46200 3562 3564 
46250 3551 3546 
46300 3540 3534 
46350 3556 3552 
46400 3557 3557 
46450 3545 3540 
46500 3561 3565 
46550 3551 3551 
46600 3548 3547 
46650 3556 3554 
46700 3561 3557 
46750 3555 3549 
46800 3555 3554 
46850 3545 3541 
46900 3553 3549 
46950 3548 3550 
47000 3559 3556 
47050 3558 3560 
47100 3548 3544 
47150 3564 3565 
47200 3559 3555 
47250 3551 3553 
47300 3533 3534 
47350 3562 3557 
47400 3555 3549 
47450 3546 3542 
47500 3548 3538 
47550 3546 3547 
47600 3533 3529 
47650 3545 3548 
47700 3556 3556 
47750 3549 3550 
47800 3552 3553 
47850 3548 3558 
47900 3535 3537 
47950 3542 3535 
48000 3534 3533 
48050 3551 3551 
48100 3550 3549 
48150 3557 3557 
48200 3549 3551 
48250 3554 3547 
48300 3540 3539 
48350 3560 3557 
48400 3561 3554 
48450 3552 3549 
48500 3553 3546 
48550 3563 3563 
48600 3548 3540 
48650 3561 3555 
48700 3542 3545 
48750 3557 3557 
48800 3550 3549 
48850 3560 3563 
48900 3550 3539 
48950 3546 3547 
49000 3566 3558 
49050 3550 3548 
49100 3557 3554 
49150 3547 3548 
49200 3560 3558 
49250 3558 3556 
49300 3560 3560 
49350 3559 3558 
49400 3548 3553 
49450 3542 3540 
49500 3547 3544 
49550 3544 3538 
49600 3535 3539 
49650 3536 3533 
49700 3543 3540 
49750 3545 3540 
49800 3543 3534 
49850 3549 3544 
49900 3547 3550 
49950 3540 3534 
50000 3559 3556 
50050 3538 3537 
50100 3554 3558 
50150 3540 3536 
50200 3547 3547 
50250 3547 3540 
50300 3555 3552 
50350 3559 3553 
50400 3561 3564 
50450 3551 3547 
50500 3546 3537 
50550 3551 3546 
50600 3554 3556 
50650 3551 3556 
50700 3553 3553 
50750 3562 3557 
50800 3560 3560 
50850 3527 3525 
50900 3553 3546 
50950 3556 3555 
51000 3544 3543 
51050 3554 3547 
51100 3556 3547 
51150 3549 3539 
51200 3566 3560 
51250 3545 3547 
51300 3549 3541 
51350 3537 3533 
51400 3545 3546 
51450 3559 3559 
51500 3544 3542 
51550 3556 3547 
51600 3548 3548 
51650 3545 3542 
51700 3531 3525 
51750 3561 3557 
51800 3543 3537 
51850 3546 3540 
51900 3558 3553 
51950 3556 3546 
52000 3548 3547 
52050 3550 3544 
52100 3556 3554 
52150 3551 3546 
52200 3541 3539 
52250 3545 3546 
52300 3553 3545 
52350 3548 3547 
52400 3549 3542 
52450 3540 3538 
52500 3555 3545 
52550 3556 3552 
52600 3556 3554 
52650 3544 3540 
52700 3547 3542 
52750 3561 3569 
52800 3558 3562 
52850 3555 3555 
52900 3557 3554 
52950 3546 3549 
53000 3557 3553 
53050 3555 3554 
53100 3561 3560 
53150 3546 3536 
53200 3556 3540 
53250 3549 3547 
53300 3566 3565 
53350 3547 3545 
53400 3554 3557 
53450 3560 3559 
53500 3560 3557 
53550 3558 3554 
53600 3551 3549 
53650 3557 3557 
53700 3548 3538 
53750 3559 3561 
53800 3541 3537 
53850 3553 3542 
53900 3554 3549 
53950 3557 3556 
54000 3550 3549 
54050 3563 3563 
54100 3553 3552 
54150 3559 3561 
54200 3551 3541 
54250 3551 3546 
54300 3545 3538 
54350 3549 3547 
54400 3536 3531 
54450 3545 3545 
54500 3545 3542 
54550 3552 3548 
54600 3553 3554 
54650 3542 3542 
54700 3558 3555 
54750 3529 3529 
54800 3552 3548 
54850 3539 3536 
54900 3549 3548 
54950 3548 3548 
55000 3555 3548 
55050 3564 3557 
55100 3552 3545 
55150 3554 3550 
55200 3554 3552 
55250 3555 3550 
55300 3563 3551 
55350 3557 3547 
55400 3562 3561 
55450 3557 3550 
55500 3543 3536 
55550 3548 3547 
55600 3550 3541 
55650 3557 3546 
55700 3553 3546 
55750 3549 3550 
55800 3556 3556 
55850 3531 3528 
55900 3554 3553 
55950 3550 3549 
56000 3550 3552 
56050 3549 3543 
56100 3547 3544 
56150 3568 3558 
56200 3554 3553 
56250 3540 3539 
56300 3556 3555 
56350 3530 3518 
56400 3546 3550 
56450 3556 3559 
56500 3536 3527 
56550 3540 3542 
56600 3558 3552 
56650 3551 3542 
56700 3535 3537 
56750 3549 3539 
56800 3542 3543 
56850 3534 3532 
56900 3546 3538 
56950 3552 3549 
57000 3554 3552 
57050 3546 3542 
57100 3556 3556 
57150 3553 3546 
57200 3546 3537 
57250 3547 3545 
57300 3545 3550 
57350 3532 3546 
57400 3541 3545 
57450 3549 3544 
57500 3553 3552 
57550 3551 3548 
57600 3547 3547 
57650 3547 3551 
57700 3539 3534 
57750 3551 3549 
57800 3540 3537 
57850 3565 3556 
57900 3541 3531 
57950 3538 3534 
58000 3560 3557 
58050 3544 3536 
58100 3552 3558 
58150 3562 3557 
58200 3546 3554 
58250 3551 3554 
58300 3536 3538 
58350 3541 3536 
58400 3533 3538 
58450 3537 3536 
58500 3560 3556 
58550 3556 3559 
58600 3559 3558 
58650 3554 3551 
58700 3552 3550 
58750 3557 3547 
58800 3553 3542 
58850 3547 3542 
58900 3555 3551 
58950 3569 3560 
59000 3550 3539 
59050 3546 3543 
59100 3558 3553 
59150 3562 3554 
59200 3550 3546 
59250 3550 3546 
59300 3566 3563 
59350 3551 3539 
59400 3547 3544 
59450 3539 3544 
59500 3556 3555 
59550 3554 3552 
59600 3541 3539 
59650 3538 3531 
59700 3540 3533 
59750 3559 3560 
59800 3553 3548 
59850 3541 3529 
59900 3538 3532 
59950 3528 3530 
60000 3543 3541 
60050 3565 3556 
60100 3549 3546 
60150 3542 3539 
60200 3530 3532 
60250 3547 3542 
60300 3557 3550 
60350 3539 3536 
60400 3546 3544 
60450 3555 3555 
60500 3553 3543 
60550 3550 3546 
60600 3572 3562 
60650 3571 3570 
60700 3546 3546 
60750 3533 3527 
60800 3543 3542 
60850 3538 3534 
60900 3554 3549 
60950 3552 3543 
61000 3558 3556 
61050 3537 3538 
61100 3543 3538 
61150 3552 3543 
61200 3551 3549 
61250 3543 3539 
61300 3562 3562 
61350 3535 3536 
61400 3542 3541 
61450 3539 3537 
61500 3553 3542 
61550 3526 3528 
61600 3553 3549 
61650 3549 3553 
61700 3549 3545 
61750 3550 3545 
61800 3544 3541 
61850 3556 3551 
61900 3537 3526 
61950 3545 3539 
62000 3564 3559 
62050 3558 3558 
62100 3568 3567 
62150 3546 3552 
62200 3545 3542 
62250 3540 3540 
62300 3549 3540 
62350 3548 3547 
62400 3533 3530 
62450 3552 3552 
62500 3562 3560 
62550 3541 3538 
62600 3557 3553 
62650 3558 3557 
62700 3555 3556 
62750 3558 3554 
62800 3553 3549 
62850 3553 3548 
62900 3545 3540 
62950 3527 3522 
63000 3541 3541 
63050 3541 3542 
63100 3539 3535 
63150 3552 3544 
63200 3565 3563 
63250 3551 3547 
63300 3555 3553 
63350 3553 3549 
63400 3558 3548 
63450 3547 3541 
63500 3557 3555 
63550 3535 3536 
63600 3540 3533 
63650 3553 3542 
63700 3534 3533 
63750 3538 3545 
63800 3527 3526 
63850 3543 3540 
63900 3563 3565 
63950 3552 3549 
64000 3555 3553 
64050 3554 3547 
64100 3544 3541 
64150 3542 3541 
64200 3517 3512 
64250 3542 3544 
64300 3542 3540 
64350 3553 3550 
64400 3569 3569 
64450 3544 3548 
64500 3542 3543 
64550 3544 3543 
64600 3547 3543 
64650 3533 3524 
64700 3546 3544 
64750 3551 3548 
64800 3544 3552 
64850 3564 3566 
64900 3564 3558 
64950 3539 3534 
65000 3555 3554 
65050 3549 3547 
65100 3552 3553 
65150 3561 3562 
65200 3539 3538 
65250 3541 3545 
65300 3530 3527 
65350 3556 3556 
65400 3559 3557 
65450 3555 3557 
65500 3545 3547 
65550 3550 3553 
65600 3562 3557 
65650 3550 3554 
65700 3550 3543 
65750 3547 3543 
65800 3560 3554 
65850 3543 3548 
65900 3564 3550 
65950 3549 3539 
66000 3564 3564 
66050 3563 3567 
66100 3553 3553 
66150 3543 3547 
66200 3536 3536 
66250 3540 3545 
66300 3545 3546 
66350 3556 3549 
66400 3535 3530 
66450 3527 3530 
66500 3541 3548 
66550 3548 3544 
66600 3542 3537 
66650 3542 3542 
66700 3555 3559 
66750 3555 3556 
66800 3542 3548 
66850 3553 3546 
66900 3534 3529 
66950 3542 3539 
67000 3532 3524 
67050 3543 3550 
67100 3561 3558 
67150 3551 3552 
67200 3552 3548 
67250 3543 3540 
67300 3557 3555 
67350 3551 3550 
67400 3548 3544 
67450 3549 3550 
67500 3529 3526 
67550 3534 3536 
67600 3558 3565 
67650 3548 3552 
67700 3538 3540 
67750 3549 3544 
67800 3540 3538 
67850 3557 3557 
67900 3561 3559 
67950 3542 3545 
68000 3542 3543 
68050 3533 3524 
68100 3543 3540 
68150 3546 3544 
68200 3545 3546 
68250 3558 3556 
68300 3549 3555 
68350 3532 3533 
68400 3546 3549 
68450 3542 3541 
68500 3538 3532 
68550 3541 3536 
68600 3545 3542 
68650 3557 3557 
68700 3555 3553 
68750 3533 3529 
68800 3546 3542 
68850 3553 3548 
68900 3548 3543 
68950 3540 3541 
69000 3561 3555 
69050 3546 3544 
69100 3535 3528 
69150 3553 3548 
69200 3543 3543 
69250 3560 3556 
69300 3555 3555 
69350 3549 3548 
69400 3545 3546 
69450 3552 3549 
69500 3552 3552 
69550 3542 3536 
69600 3536 3537 
69650 3550 3537 
69700 3553 3547 
69750 3542 3542 
69800 3561 3561 
69850 3559 3553 
69900 3546 3547 
69950 3556 3556 
70000 3544 3540 
70050 3552 3550 
70100 3559 3561 
70150 3542 3545 
70200 3547 3544 
70250 3532 3530 
70300 3555 3547 
70350 3533 3538 
70400 3559 3558 
70450 3558 3558 
70500 3559 3562 
70550 3552 3546 
70600 3546 3546 
70650 3530 3535 
70700 3538 3533 
70750 3559 3563 
70800 3536 3535 
70850 3554 3553 
70900 3539 3541 
70950 3545 3541 
71000 3545 3551 
71050 3557 3553 
71100 3542 3540 
71150 3547 3548 
71200 3545 3540 
71250 3558 3552 
71300 3567 3563 
71350 3552 3550 
71400 3535 3539 
71450 3545 3544 
71500 3539 3540 
71550 3549 3554 
71600 3549 3549 
71650 3561 3558 
71700 3546 3545 
71750 3546 3543 
71800 3540 3544 
71850 3551 3549 
71900 3552 3551 
71950 3548 3540 
72000 3543 3542 
72050 3545 3544 
72100 3551 3551 
72150 3554 3552 
72200 3532 3528 
72250 3540 3543 
72300 3544 3536 
72350 3535 3527 
72400 3546 3542 
72450 3535 3537 
72500 3539 3540 
72550 3538 3534 
72600 3546 3546 
72650 3559 3552 
72700 3550 3550 
72750 3551 3550 
72800 3544 3540 
72850 3538 3541 
72900 3549 3551 
72950 3546 3548 
73000 3548 3546 
73050 3551 3548 
73100 3558 3556 
73150 3559 3560 
73200 3557 3547 
73250 3555 3554 
73300 3555 3550 
73350 3553 3552 
73400 3550 3551 
73450 3550 3551 
73500 3547 3544 
73550 3554 3557 
73600 3557 3562 
73650 3549 3546 
73700 3560 3564 
73750 3552 3553 
73800 3548 3545 
73850 3564 3563 
73900 3547 3555 
73950 3553 3555 
74000 3560 3558 
74050 3566 3565 
74100 3565 3565 
74150 3554 3554 
74200 3545 3545 
74250 3546 3543 
74300 3545 3543 
74350 3555 3559 
74400 3526 3533 
74450 3550 3554 
74500 3551 3545 
74550 3550 3550 
74600 3549 3550 
74650 3540 3546 
74700 3553 3559 
74750 3542 3545 
74800 3545 3548 
74850 3554 3550 
74900 3545 3538 
74950 3555 3549 
75000 3552 3548 
75050 3530 3529 
75100 3538 3539 
75150 3546 3556 
75200 3541 3545 
75250 3563 3557 
75300 3557 3555 
75350 3548 3549 
75400 3548 3551 
75450 3539 3538 
75500 3549 3552 
75550 3549 3549 
75600 3559 3559 
75650 3534 3539 
75700 3547 3544 
75750 3546 3543 
75800 3544 3543 
75850 3558 3558 
75900 3541 3544 
75950 3545 3545 
76000 3556 3552 
76050 3539 3536 
76100 3540 3541 
76150 3544 3547 
76200 3552 3549 
76250 3523 3523 
76300 3549 3545 
76350 3547 3549 
76400 3552 3552 
76450 3556 3553 
76500 3550 3552 
76550 3552 3555 
76600 3550 3552 
76650 3558 3554 
76700 3537 3528 
76750 3541 3538 
76800 3542 3545 
76850 3539 3540 
76900 3545 3547 
76950 3542 3550 
77000 3531 3526 
77050 3533 3534 
77100 3549 3555 
77150 3538 3538 
77200 3537 3537 
77250 3544 3546 
77300 3543 3545 
77350 3547 3540 
77400 3533 3533 
77450 3551 3553 
77500 3546 3545 
77550 3552 3544 
77600 3549 3545 
77650 3545 3537 
77700 3525 3525 
77750 3557 3550 
77800 3542 3540 
77850 3545 3542 
77900 3549 3548 
77950 3519 3521 
78000 3530 3529 
78050 3556 3555 
78100 3540 3540 
78150 3556 3556 
78200 3560 3561 
78250 3556 3557 
78300 3543 3543 
78350 3549 3554 
78400 3532 3533 
78450 3546 3548 
78500 3536 3543 
78550 3543 3544 
78600 3554 3553 
78650 3552 3544 
78700 3540 3538 
78750 3554 3550 
78800 3531 3531 
78850 3541 3545 
78900 3533 3532 
78950 3557 3558 
79000 3543 3546 
79050 3531 3530 
79100 3546 3544 
79150 3553 3554 
79200 3549 3544 
79250 3556 3555 
79300 3556 3557 
79350 3537 3528 
79400 3527 3532 
79450 3541 3543 
79500 3558 3562 
79550 3548 3544 
79600 3556 3552 
79650 3555 3561 
79700 3553 3547 
79750 3521 3521 
79800 3549 3549 
79850 3536 3533 
79900 3550 3545 
79950 3544 3545 
80000 3550 3553 
80050 3552 3549 
80100 3544 3544 
80150 3553 3548 
80200 3556 3554 
80250 3554 3556 
80300 3550 3549 
80350 3549 3551 
80400 3539 3550 
80450 3544 3543 
80500 3556 3556 
80550 3556 3554 
80600 3561 3562 
80650 3520 3517 
80700 3540 3545 
80750 3563 3566 
80800 3538 3533 
80850 3537 3532 
80900 3542 3540 
80950 3557 3556 
81000 3560 3563 
81050 3558 3558 
81100 3547 3544 
81150 3545 3543 
81200 3545 3547 
81250 3553 3550 
81300 3536 3536 
81350 3549 3551 
81400 3552 3558 
81450 3550 3557 
81500 3551 3551 
81550 3558 3558 
81600 3535 3525 
81650 3538 3534 
81700 3553 3548 
81750 3547 3549 
81800 3546 3543 
81850 3546 3545 
81900 3551 3550 
81950 3542 3543 
82000 3548 3550 
82050 3541 3545 
82100 3538 3537 
82150 3541 3535 
82200 3545 3541 
82250 3544 3545 
82300 3557 3555 
82350 3563 3563 
82400 3549 3543 
82450 3547 3543 
82500 3555 3553 
82550 3547 3550 
82600 3535 3530 
82650 3541 3538 
82700 3522 3522 
82750 3526 3524 
82800 3537 3536 
82850 3547 3543 
82900 3547 3549 
82950 3568 3564 
83000 3543 3543 
83050 3553 3549 
83100 3548 3552 
83150 3544 3545 
83200 3546 3546 
83250 3558 3563 
83300 3557 3557 
83350 3552 3553 
83400 3544 3546 
83450 3547 3547 
83500 3558 3553 
83550 3564 3559 
83600 3537 3539 
83650 3546 3551 
83700 3559 3560 
83750 3545 3545 
83800 3546 3547 
83850 3535 3533 
83900 3533 3539 
83950 3557 3559 
84000 3532 3533 
84050 3545 3546 
84100 3543 3544 
84150 3556 3552 
84200 3547 3551 
84250 3544 3544 
84300 3559 3562 
84350 3545 3544 
84400 3545 3542 
84450 3556 3555 
84500 3566 3563 
84550 3560 3560 
84600 3556 3558 
84650 3541 3542 
84700 3551 3550 
84750 3521 3532 
84800 3541 3541 
84850 3535 3537 
84900 3541 3550 
84950 3559 3560 
85000 3550 3546 
85050 3543 3540 
85100 3549 3547 
85150 3521 3529 
85200 3546 3550 
85250 3543 3545 
85300 3554 3551 
85350 3545 3544 
85400 3541 3543 
85450 3531 3530 
85500 3543 3544 
85550 3540 3535 
85600 3547 3555 
85650 3552 3555 
85700 3550 3549 
85750 3561 3561 
85800 3547 3547 
85850 3557 3551 
85900 3548 3545 
85950 3560 3553 
86000 3559 3561 
86050 3550 3554 
86100 3524 3523 
86150 3538 3539 
86200 3550 3546 
86250 3551 3551 
86300 3557 3557 
86350 3550 3549 
86400 3548 3549 
86450 3536 3536 
86500 3545 3548 
86550 3535 3537 
86600 3531 3530 
86650 3549 3550 
86700 3547 3549 
86750 3554 3551 
86800 3554 3553 
86850 3543 3543 
86900 3565 3560 
86950 3549 3552 
87000 3550 3543 
87050 3546 3542 
87100 3539 3540 
87150 3552 3554 
87200 3556 3559 
87250 3550 3550 
87300 3549 3547 
87350 3546 3544 
87400 3545 3541 
87450 3561 3559 
87500 3540 3541 
87550 3544 3539 
87600 3548 3544 
87650 3556 3556 
87700 3537 3536 
87750 3542 3540 
87800 3548 3548 
87850 3548 3546 
87900 3541 3533 
87950 3541 3540 
88000 3543 3545 
88050 3552 3551 
88100 3549 3556 
88150 3547 3541 
88200 3550 3552 
88250 3556 3556 
88300 3544 3544 
88350 3522 3527 
88400 3554 3549 
88450 3550 3546 
88500 3555 3556 
88550 3550 3551 
88600 3540 3540 
88650 3557 3560 
88700 3542 3547 
88750 3551 3545 
88800 3553 3551 
88850 3551 3554 
88900 3554 3555 
88950 3540 3534 
89000 3533 3538 
89050 3535 3541 
89100 3547 3548 
89150 3539 3539 
89200 3553 3549 
89250 3549 3549 
89300 3555 3556 
89350 3560 3558 
89400 3562 3563 
89450 3558 3559 
89500 3543 3548 
89550 3546 3542 
89600 3547 3551 
89650 3557 3559 
89700 3538 3535 
89750 3541 3542 
89800 3540 3538 
89850 3550 3542 
89900 3545 3541 
89950 3541 3543 
90000 3535 3538 
90050 3551 3548 
90100 3541 3537 
90150 3558 3557 
90200 3539 3541 
90250 3548 3546 
90300 3560 3561 
90350 3562 3562 
90400 3569 3564 
90450 3556 3557 
90500 3543 3544 
90550 3562 3561 
90600 3553 3545 
90650 3556 3559 
90700 3556 3549 
90750 3560 3556 
90800 3550 3552 
90850 3551 3558 
90900 3552 3559 
90950 3547 3542 
91000 3530 3532 
91050 3540 3540 
91100 3540 3533 
91150 3551 3546 
91200 3536 3535 
91250 3553 3554 
91300 3568 3563 
91350 3556 3554 
91400 3558 3557 
91450 3554 3547 
91500 3549 3543 
91550 3554 3556 
91600 3545 3540 
91650 3536 3538 
91700 3547 3551 
91750 3561 3561 
91800 3542 3538 
91850 3551 3554 
91900 3554 3557 
91950 3558 3558 
92000 3550 3547 
92050 3548 3548 
92100 3527 3530 
92150 3542 3541 
92200 3557 3555 
92250 3552 3552 
92300 3551 3555 
92350 3555 3558 
92400 3549 3552 
92450 3548 3548 
92500 3547 3549 
92550 3548 3554 
92600 3557 3553 
92650 3541 3541 
92700 3545 3542 
92750 3549 3550 
92800 3557 3557 
92850 3558 3553 
92900 3562 3556 
92950 3546 3543 
93000 3557 3558 
93050 3550 3547 
93100 3551 3554 
93150 3563 3561 
93200 3549 3546 
93250 3543 3542 
93300 3544 3546 
93350 3550 3551 
93400 3545 3550 
93450 3552 3554 
93500 3539 3542 
93550 3558 3555 
93600 3553 3554 
93650 3549 3550 
93700 3556 3553 
93750 3551 3548 
93800 3535 3541 
93850 3538 3538 
93900 3565 3560 
93950 3556 3551 
94000 3548 3544 
94050 3540 3542 
94100 3552 3550 
94150 3558 3555 
94200 3550 3550 
94250 3560 3557 
94300 3560 3557 
94350 3541 3533 
94400 3541 3547 
94450 3539 3536 
94500 3559 3560 
94550 3545 3544 
94600 3552 3549 
94650 3553 3550 
94700 3558 3555 
94750 3552 3554 
94800 3559 3557 
94850 3556 3557 
94900 3544 3542 
94950 3554 3555 
95000 3544 3549 
95050 3553 3554 
95100 3556 3556 
95150 3536 3533 
95200 3559 3559 
95250 3549 3548 
95300 3554 3552 
95350 3546 3546 
95400 3556 3553 
95450 3548 3549 
95500 3550 3543 
95550 3565 3559 
95600 3558 3555 
95650 3553 3556 
95700 3539 3536 
95750 3541 3536 
95800 3546 3546 
95850 3561 3566 
95900 3560 3564 
95950 3553 3557 
96000 3550 3545 
96050 3551 3544 
96100 3559 3556 
96150 3543 3534 
96200 3531 3527 
96250 3554 3550 
96300 3550 3549 
96350 3534 3543 
96400 3553 3557 
96450 3558 3562 
96500 3549 3543 
96550 3530 3539 
96600 3529 3532 
96650 3551 3552 
96700 3550 3546 
96750 3559 3557 
96800 3565 3564 
96850 3538 3543 
96900 3545 3547 
96950 3538 3540 
97000 3547 3547 
97050 3542 3549 
97100 3557 3555 
97150 3557 3546 
97200 3554 3543 
97250 3545 3545 
97300 3550 3548 
97350 3552 3548 
97400 3542 3538 
97450 3552 3551 
97500 3548 3545 
97550 3542 3542 
97600 3540 3538 
97650 3554 3551 
97700 3546 3548 
97750 3551 3551 
97800 3540 3538 
97850 3539 3546 
97900 3531 3526 
97950 3558 3552 
98000 3533 3537 
98050 3540 3544 
98100 3548 3548 
98150 3532 3531 
98200 3540 3543 
98250 3547 3553 
98300 3532 3533 
98350 3565 3563 
98400 3539 3537 
98450 3551 3550 
98500 3530 3534 
98550 3541 3547 
98600 3541 3544 
98650 3544 3541 
98700 3553 3543 
98750 3550 3550 
98800 3560 3554 
98850 3557 3556 
98900 3536 3539 
98950 3545 3552 
99000 3550 3552 
99050 3542 3547 
99100 3535 3531 
99150 3541 3539 
99200 3551 3545 
99250 3550 3549 
99300 3564 3561 
99350 3550 3549 
99400 3523 3531 
99450 3554 3551 
99500 3533 3535 
99550 3544 3543 
99600 3540 3530 
99650 3546 3540 
99700 3562 3555 
99750 3527 3522 
99800 3545 3545 
99850 3561 3564 
99900 3550 3541 
99950 3557 3555 
100000 3537 3541 
100050 3560 3561 
100100 3558 3557 
100150 3557 3553 
100200 3552 3554 
100250 3551 3551 
100300 3560 3561 
100350 3550 3545 
100400 3557 3558 
100450 3549 3553 
100500 3546 3552 
100550 3550 3556 
100600 3547 3549 
100650 3531 3539 
100700 3561 3563 
100750 3561 3552 
100800 3545 3539 
100850 3544 3544 
100900 3550 3547 
100950 3526 3526 
101000 3546 3552 
101050 3543 3538 
101100 3551 3559 
101150 3547 3553 
101200 3553 3555 
101250 3558 3554 
101300 3551 3555 
101350 3516 3525 
101400 3542 3542 
101450 3564 3562 
101500 3544 3546 
101550 3544 3546 
101600 3556 3558 
101650 3538 3544 
101700 3558 3562 
101750 3554 3552 
101800 3559 3553 
101850 3529 3526 
101900 3548 3546 
101950 3547 3544 
102000 3547 3551 
102050 3546 3548 
102100 3558 3554 
102150 3563 3557 
102200 3534 3530 
102250 3543 3544 
102300 3550 3554 
102350 3544 3545 
102400 3554 3555 
102450 3555 3549 
102500 3547 3540 
102550 3554 3552 
102600 3546 3552 
102650 3547 3544 
102700 3535 3532 
102750 3544 3549 
102800 3527 3524 
102850 3542 3545 
102900 3553 3565 
102950 3546 3545 
103000 3545 3546 
103050 3553 3550 
103100 3568 3563 
103150 3546 3550 
103200 3547 3543 
103250 3547 3543 
103300 3554 3558 
103350 3541 3546 
103400 3530 3529 
103450 3555 3560 
103500 3551 3559 
103550 3557 3561 
103600 3544 3546 
103650 3553 3553 
103700 3538 3542 
103750 3542 3542 
103800 3561 3549 
103850 3545 3547 
103900 3550 3545 
103950 3537 3529 
104000 3552 3556 
104050 3554 3556 
104100 3553 3551 
104150 3551 3552 
104200 3546 3557 
104250 3547 3550 
104300 3562 3560 
104350 3560 3558 
104400 3544 3536 
104450 3559 3558 
104500 3558 3559 
104550 3550 3556 
104600 3555 3557 
104650 3546 3550 
104700 3551 3552 
104750 3543 3538 
104800 3553 3541 
104850 3553 3551 
104900 3547 3542 
104950 3546 3547 
105000 3548 3548 
105050 3551 3556 
105100 3547 3543 
105150 3554 3556 
105200 3542 3538 
105250 3549 3553 
105300 3548 3545 
105350 3533 3544 
105400 3540 3541 
105450 3551 3552 
105500 3551 3548 
105550 3527 3530 
105600 3539 3532 
105650 3540 3536 
105700 3543 3541 
105750 3540 3539 
105800 3550 3556 
105850 3538 3542 
105900 3534 3525 
105950 3557 3557 
106000 3538 3539 
106050 3547 3548 
106100 3552 3555 
106150 3541 3547 
106200 3540 3537 
106250 3548 3550 
106300 3535 3535 
106350 3547 3551 
106400 3549 3550 
106450 3554 3559 
106500 3553 3551 
106550 3547 3549 
106600 3539 3544 
106650 3532 3536 
106700 3561 3563 
106750 3551 3555 
106800 3559 3557 
106850 3556 3558 
106900 3550 3550 
106950 3554 3554 
107000 3548 3552 
107050 3526 3526 
107100 3552 3553 
107150 3544 3544 
107200 3555 3555 
107250 3543 3550 
107300 3544 3545 
107350 3553 3554 
107400 3550 3556 
107450 3536 3543 
107500 3534 3531 
107550 3548 3547 
107600 3549 3547 
107650 3539 3537 
107700 3536 3538 
107750 3553 3555 
107800 3565 3559 
107850 3538 3542 
107900 3552 3549 
107950 3552 3549 
108000 3554 3553 
108050 3560 3560 
108100 3549 3552 
108150 3541 3544 
108200 3551 3551 
108250 3539 3542 
108300 3539 3534 
108350 3540 3538 
108400 3547 3545 
108450 3550 3548 
108500 3546 3544 
108550 3545 3545 
108600 3544 3551 
108650 3530 3533 
108700 3548 3548 
108750 3537 3537 
108800 3552 3553 
108850 3552 3544 
108900 3555 3555 
108950 3547 3552 
109000 3558 3558 
109050 3538 3546 
109100 3535 3539 
109150 3534 3540 
109200 3559 3559 
109250 3542 3540 
109300 3538 3541 
109350 3545 3545 
109400 3553 3553 
109450 3538 3542 
109500 3548 3546 
109550 3533 3531 
109600 3560 3558 
109650 3535 3525 
109700 3542 3546 
109750 3549 3548 
109800 3545 3546 
109850 3547 3548 
109900 3559 3559 
109950 3554 3552 
110000 3532 3536 
110050 3553 3553 
110100 3549 3551 
110150 3540 3537 
110200 3534 3535 
110250 3541 3544 
110300 3544 3546 
110350 3539 3533 
110400 3544 3546 
110450 3539 3535 
110500 3541 3547 
110550 3561 3562 
110600 3532 3532 
110650 3546 3548 
110700 3530 3531 
110750 3555 3553 
110800 3543 3543 
110850 3550 3548 
110900 3554 3552 
110950 3535 3530 
111000 3532 3530 
111050 3544 3545 
111100 3523 3527 
111150 3543 3542 
111200 3541 3543 
111250 3546 3545 
111300 3563 3561 
111350 3547 3547 
111400 3557 3558 
111450 3539 3539 
111500 3550 3547 
111550 3542 3540 
111600 3533 3536 
111650 3543 3548 
111700 3540 3540 
111750 3554 3548 
111800 3553 3556 
111850 3553 3555 
111900 3555 3553 
111950 3562 3553 
112000 3550 3550 
112050 3544 3542 
112100 3549 3548 
112150 3540 3545 
112200 3531 3534 
112250 3549 3545 
112300 3539 3538 
112350 3530 3534 
112400 3543 3547 
112450 3545 3543 
112500 3555 3553 
112550 3537 3538 
112600 3553 3553 
112650 3539 3542 
112700 3551 3548 
112750 3542 3549 
112800 3544 3548 
112850 3550 3556 
112900 3540 3542 
112950 3541 3541 
113000 3546 3545 
113050 3554 3548 
113100 3554 3552 
113150 3551 3554 
113200 3548 3548 
113250 3544 3545 
113300 3550 3546 
113350 3551 3543 
113400 3546 3547 
113450 3550 3550 
113500 3540 3538 
113550 3557 3550 
113600 3545 3538 
113650 3551 3551 
113700 3557 3554 
113750 3555 3556 
113800 3555 3552 
113850 3551 3548 
113900 3546 3550 
113950 3553 3556 
114000 3553 3556 
114050 3550 3552 
114100 3555 3549 
114150 3543 3544 
114200 3533 3536 
114250 3551 3550 
114300 3550 3553 
114350 3541 3534 
114400 3542 3543 
114450 3539 3545 
114500 3540 3540 
114550 3550 3548 
114600 3553 3544 
114650 3536 3537 
114700 3553 3554 
114750 3553 3543 
114800 3549 3553 
114850 3557 3555 
114900 3549 3549 
114950 3551 3552 
115000 3536 3542 
115050 3560 3552 
115100 3554 3550 
115150 3538 3532 
115200 3544 3548 
115250 3548 3548 
115300 3554 3549 
115350 3552 3551 
115400 3548 3553 
115450 3554 3556 
115500 3526 3526 
115550 3530 3532 
115600 3539 3543 
115650 3542 3547 
115700 3546 3544 
115750 3536 3539 
115800 3547 3543 
115850 3547 3550 
115900 3540 3544 
115950 3530 3531 
116000 3555 3554 
116050 3544 3544 
116100 3541 3545 
116150 3544 3545 
116200 3535 3529 
116250 3547 3544 
116300 3554 3553 
116350 3560 3558 
116400 3542 3542 
116450 3538 3533 
116500 3543 3545 
116550 3555 3547 
116600 3526 3528 
116650 3547 3545 
116700 3548 3544 
116750 3553 3556 
116800 3562 3555 
116850 3546 3545 
116900 3539 3540 
116950 3553 3555 
117000 3563 3561 
117050 3550 3552 
117100 3541 3544 
117150 3548 3547 
117200 3545 3538 
117250 3557 3554 
117300 3552 3553 
117350 3548 3547 
117400 3551 3544 
117450 3563 3555 
117500 3544 3540 
117550 3554 3546 
117600 3526 3533 
117650 3547 3549 
117700 3559 3555 
117750 3555 3551 
117800 3544 3540 
117850 3537 3533 
117900 3542 3541 
117950 3552 3547 
118000 3539 3541 
118050 3547 3546 
118100 3534 3541 
118150 3540 3540 
118200 3542 3543 
118250 3536 3535 
118300 3541 3535 
118350 3542 3540 
118400 3523 3525 
118450 3536 3537 
118500 3541 3532 
118550 3547 3554 
118600 3539 3541 
118650 3552 3548 
118700 3555 3554 
118750 3555 3549 
118800 3546 3538 
118850 3528 3529 
118900 3538 3538 
118950 3530 3532 
119000 3553 3550 
119050 3559 3554 
119100 3552 3553 
119150 3545 3539 
119200 3542 3536 
119250 3553 3547 
119300 3535 3540 
119350 3557 3554 
119400 3559 3550 
119450 3548 3543 
119500 3548 3547 
119550 3532 3539 
119600 3543 3540 
119650 3548 3550 
119700 3569 3567 
119750 3544 3545 
119800 3556 3559 
119850 3559 3558 
119900 3557 3554 
119950 3550 3547 
120000 3551 3547 
120050 3546 3547 
120100 3555 3561 
120150 3530 3535 
120200 3552 3554 
120250 3558 3556 
120300 3545 3548 
120350 3544 3548 
120400 3542 3545 
120450 3533 3536 
120500 3536 3540 
120550 3539 3538 
120600 3539 3538 
120650 3533 3540 
120700 3553 3553 
120750 3548 3547 
120800 3530 3529 
120850 3549 3548 
120900 3532 3542 
120950 3553 3553 
121000 3530 3532 
121050 3548 3546 
121100 3533 3532 
121150 3543 3543 
121200 3537 3537 
121250 3543 3544 
121300 3549 3549 
121350 3562 3559 
121400 3549 3552 
121450 3547 3547 
121500 3544 3536 
121550 3548 3546 
121600 3548 3547 
121650 3554 3552 
121700 3554 3544 
121750 3545 3542 
121800 3553 3553 
121850 3545 3545 
121900 3542 3543 
121950 3545 3545 
122000 3559 3561 
122050 3553 3554 
122100 3551 3556 
122150 3546 3550 
122200 3549 3553 
122250 3532 3539 
122300 3560 3557 
122350 3552 3560 
122400 3559 3558 
122450 3554 3552 
122500 3537 3538 
122550 3548 3543 
122600 3552 3554 
122650 3554 3555 
122700 3546 3545 
122750 3547 3545 
122800 3549 3545 
122850 3557 3557 
122900 3554 3548 
122950 3544 3550 
123000 3552 3552 
123050 3557 3554 
123100 3536 3528 
123150 3545 3540 
123200 3544 3552 
123250 3535 3541 
123300 3539 3539 
123350 3535 3540 
123400 3538 3537 
123450 3561 3561 
123500 3560 3566 
123550 3542 3546 
123600 3543 3542 
123650 3547 3546 
123700 3558 3548 
123750 3547 3542 
123800 3547 3543 
123850 3538 3545 
123900 3551 3556 
123950 3540 3546 
124000 3536 3541 
124050 3541 3544 
124100 3547 3557 
124150 3558 3550 
124200 3548 3547 
124250 3564 3565 
124300 3544 3546 
124350 3555 3550 
124400 3542 3539 
124450 3552 3547 
124500 3548 3549 
124550 3540 3540 
124600 3558 3555 
124650 3546 3543 
124700 3546 3552 
124750 3553 3550 
124800 3541 3541 
124850 3551 3545 
124900 3550 3549 
124950 3560 3564 
125000 3544 3548 
125050 3544 3545 
125100 3550 3540 
125150 3549 3554 
125200 3539 3543 
125250 3558 3552 
125300 3544 3543 
125350 3544 3544 
125400 3531 3540 
125450 3552 3555 
125500 3556 3555 
125550 3550 3550 
125600 3538 3543 
125650 3536 3540 
125700 3548 3551 
125750 3544 3538 
125800 3539 3540 
125850 3545 3550 
125900 3547 3549 
125950 3529 3528 
126000 3552 3555 
126050 3554 3551 
126100 3543 3544 
126150 3541 3540 
126200 3539 3538 
126250 3546 3543 
126300 3527 3518 
126350 3549 3551 
126400 3540 3547 
126450 3548 3550 
126500 3540 3537 
126550 3544 3536 
126600 3527 3523 
126650 3548 3555 
126700 3541 3540 
126750 3549 3541 
126800 3542 3542 
126850 3553 3552 
126900 3549 3554 
126950 3550 3553 
127000 3554 3554 
127050 3552 3550 
127100 3544 3545 
127150 3544 3542 
127200 3547 3550 
127250 3542 3544 
127300 3531 3530 
127350 3546 3549 
127400 3539 3534 
127450 3535 3545 
127500 3531 3530 
127550 3544 3549 
127600 3549 3548 
127650 3556 3552 
127700 3545 3544 
127750 3534 3538 
127800 3547 3549 
127850 3560 3562 
127900 3547 3547 
127950 3543 3544 
128000 3532 3530 
128050 3541 3533 
128100 3539 3544 
128150 3551 3551 
128200 3558 3562 
128250 3549 3544 
128300 3551 3544 
128350 3542 3542 
128400 3538 3540 
128450 3543 3551 
128500 3538 3542 
128550 3542 3539 
128600 3545 3548 
128650 3539 3539 
128700 3540 3544 
128750 3545 3541 
128800 3555 3558 
128850 3554 3552 
128900 3558 3561 
128950 3532 3530 
129000 3535 3532 
129050 3549 3550 
129100 3536 3536 
129150 3551 3552 
129200 3555 3557 
129250 3560 3559 
129300 3530 3518 
129350 3560 3558 
129400 3555 3554 
129450 3554 3563 
129500 3542 3540 
129550 3537 3534 
129600 3544 3538 
129650 3534 3533 
129700 3526 3532 
129750 3546 3544 
129800 3534 3525 
129850 3552 3553 
129900 3560 3559 
129950 3554 3552 
130000 3529 3529 
130050 3543 3549 
130100 3553 3552 
130150 3565 3560 
130200 3553 3558 
130250 3552 3547 
130300 3559 3556 
130350 3559 3559 
130400 3536 3541 
130450 3555 3550 
130500 3544 3548 
130550 3538 3534 
130600 3540 3544 
130650 3532 3537 
130700 3547 3545 
130750 3531 3530 
130800 3536 3541 
130850 3539 3543 
130900 3544 3539 
130950 3553 3550 
131000 3527 3532 
131050 3538 3545 
131100 3550 3551 
131150 3541 3541 
131200 3541 3542 
131250 3547 3540 
131300 3552 3549 
131350 3556 3563 
131400 3543 3547 
131450 3546 3549 
131500 3553 3553 
131550 3532 3538 
131600 3546 3545 
131650 3547 3542 
131700 3548 3542 
131750 3556 3557 
131800 3557 3560 
131850 3554 3551 
131900 3545 3544 
131950 3543 3547 
132000 3536 3541 
132050 3527 3533 
132100 3545 3547 
132150 3556 3550 
132200 3547 3543 
132250 3549 3550 
132300 3535 3541 
132350 3548 3543 
132400 3539 3544 
132450 3544 3540 
132500 3546 3547 
132550 3542 3538 
132600 3543 3547 
132650 3556 3562 
132700 3548 3548 
132750 3543 3546 
132800 3545 3543 
132850 3533 3535 
132900 3540 3544 
132950 3545 3545 
133000 3542 3538 
133050 3544 3536 
133100 3536 3538 
133150 3555 3554 
133200 3565 3561 
133250 3553 3556 
133300 3546 3551 
133350 3537 3541 
133400 3538 3545 
133450 3553 3557 
133500 3541 3538 
133550 3542 3546 
133600 3559 3551 
133650 3555 3551 
133700 3548 3549 
133750 3538 3534 
133800 3543 3539 
133850 3546 3543 
133900 3549 3550 
133950 3552 3550 
134000 3547 3541 
134050 3547 3544 
134100 3544 3542 
134150 3551 3553 
134200 3553 3550 
134250 3545 3552 
134300 3549 3549 
134350 3556 3551 
134400 3547 3536 
134450 3528 3535 
134500 3550 3551 
134550 3555 3552 
134600 3538 3540 
134650 3550 3544 
134700 3530 3525 
134750 3537 3537 
134800 3559 3562 
134850 3555 3553 
134900 3545 3549 
134950 3547 3552 
135000 3544 3547 
135050 3539 3538 
135100 3538 3538 
135150 3550 3552 
135200 3541 3541 
135250 3554 3554 
135300 3558 3553 
135350 3535 3536 
135400 3545 3543 
135450 3528 3526 
135500 3546 3543 
135550 3554 3555 
135600 3545 3544 
135650 3542 3541 
135700 3558 3554 
135750 3546 3541 
135800 3554 3545 
135850 3556 3553 
135900 3552 3551 
135950 3518 3528 
136000 3550 3548 
136050 3529 3529 
136100 3535 3537 
136150 3542 3539 
136200 3550 3547 
136250 3546 3549 
136300 3551 3553 
136350 3538 3537 
136400 3553 3557 
136450 3535 3536 
136500 3526 3521 
136550 3544 3535 
136600 3546 3547 
136650 3545 3538 
136700 3547 3548 
136750 3539 3536 
136800 3548 3549 
136850 3556 3559 
136900 3544 3549 
136950 3550 3552 
137000 3552 3551 
137050 3552 3556 
137100 3556 3557 
137150 3550 3553 
137200 3558 3552 
137250 3545 3540 
137300 3556 3552 
137350 3536 3538 
137400 3538 3534 
137450 3541 3535 
137500 3538 3541 
137550 3542 3544 
137600 3547 3545 
137650 3547 3554 
137700 3536 3533 
137750 3535 3541 
137800 3540 3538 
137850 3534 3532 
137900 3539 3538 
137950 3536 3533 
138000 3539 3546 
138050 3549 3553 
138100 3552 3550 
138150 3536 3533 
138200 3549 3551 
138250 3546 3539 
138300 3539 3540 
138350 3555 3556 
138400 3543 3544 
138450 3528 3535 
138500 3554 3545 
138550 3555 3547 
138600 3545 3550 
138650 3539 3540 
138700 3528 3522 
138750 3546 3543 
138800 3545 3545 
138850 3558 3555 
138900 3548 3552 
138950 3564 3562 
139000 3555 3551 
139050 3541 3539 
139100 3556 3555 
139150 3553 3554 
139200 3555 3551 
139250 3558 3559 
139300 3534 3539 
139350 3533 3531 
139400 3538 3536 
139450 3539 3539 
139500 3544 3544 
139550 3547 3543 
139600 3534 3537 
139650 3542 3546 
139700 3539 3540 
139750 3533 3533 
139800 3540 3547 
139850 3557 3553 
139900 3543 3541 
139950 3540 3547 
140000 3554 3557 
140050 3535 3533 
140100 3551 3556 
140150 3546 3550 
140200 3535 3534 
140250 3558 3551 
140300 3538 3540 
140350 3540 3537 
140400 3550 3555 
140450 3539 3538 
140500 3553 3547 
140550 3538 3538 
140600 3542 3539 
140650 3546 3545 
140700 3546 3550 
140750 3542 3543 
140800 3530 3538 
140850 3538 3536 
140900 3545 3542 
140950 3533 3537 
141000 3539 3540 
141050 3555 3558 
141100 3563 3559 
141150 3563 3562 
141200 3566 3564 
141250 3553 3551 
141300 3549 3551 
141350 3536 3537 
141400 3542 3538 
141450 3548 3543 
141500 3551 3548 
141550 3534 3537 
141600 3532 3535 
141650 3544 3546 
141700 3544 3544 
141750 3539 3529 
141800 3557 3541 
141850 3547 3546 
141900 3557 3554 
141950 3558 3553 
142000 3540 3538 
142050 3532 3533 
142100 3539 3535 
142150 3552 3554 
142200 3561 3562 
142250 3551 3553 
142300 3544 3536 
142350 3546 3544 
142400 3562 3562 
142450 3542 3547 
142500 3545 3545 
142550 3546 3536 
142600 3554 3551 
142650 3552 3553 
142700 3546 3550 
142750 3546 3537 
142800 3533 3534 
142850 3553 3551 
142900 3537 3536 
142950 3527 3531 
143000 3544 3545 
143050 3540 3539 
143100 3560 3563 
143150 3538 3537 
143200 3541 3542 
143250 3547 3551 
143300 3540 3541 
143350 3521 3528 
143400 3552 3546 
143450 3549 3550 
143500 3536 3531 
143550 3560 3555 
143600 3542 3539 
143650 3534 3538 
143700 3542 3540 
143750 3545 3542 
143800 3537 3544 
143850 3539 3536 
143900 3554 3547 
143950 3544 3543 
144000 3559 3561 
144050 3547 3548 
144100 3555 3557 
144150 3555 3554 
144200 3550 3543 
144250 3557 3554 
144300 3539 3542 
144350 3550 3544 
144400 3537 3541 
144450 3534 3537 
144500 3539 3536 
144550 3558 3551 
144600 3549 3547 
144650 3536 3538 
144700 3544 3541 
144750 3537 3541 
144800 3540 3545 
144850 3554 3556 
144900 3550 3554 
144950 3539 3534 
145000 3549 3546 
145050 3536 3535 
145100 3544 3544 
145150 3547 3550 
145200 3548 3548 
145250 3551 3546 
145300 3558 3553 
145350 3551 3550 
145400 3559 3553 
145450 3541 3548 
145500 3541 3538 
145550 3556 3549 
145600 3537 3533 
145650 3560 3559 
145700 3558 3557 
145750 3539 3544 
145800 3544 3542 
145850 3523 3527 
145900 3533 3534 
145950 3556 3559 
146000 3559 3557 
146050 3559 3559 
146100 3551 3548 
146150 3536 3538 
146200 3541 3544 
146250 3547 3543 
146300 3550 3544 
146350 3565 3560 
146400 3538 3544 
146450 3548 3549 
146500 3546 3546 
146550 3541 3543 
146600 3540 3534 
146650 3534 3533 
146700 3558 3561 
146750 3537 3539 
146800 3548 3545 
146850 3550 3552 
146900 3552 3556 
146950 3550 3554 
147000 3560 3563 
147050 3550 3550 
147100 3535 3537 
147150 3538 3536 
147200 3549 3544 
147250 3553 3548 
147300 3545 3548 
147350 3540 3541 
147400 3547 3545 
147450 3549 3553 
147500 3536 3542 
147550 3544 3546 
147600 3543 3542 
147650 3541 3533 
147700 3526 3522 
147750 3533 3534 
147800 3556 3554 
147850 3540 3543 
147900 3545 3548 
147950 3528 3527 
148000 3547 3551 
148050 3545 3549 
148100 3558 3552 
148150 3558 3558 
148200 3534 3542 
148250 3541 3541 
148300 3553 3554 
148350 3550 3549 
148400 3548 3552 
148450 3551 3549 
148500 3539 3542 
148550 3530 3533 
148600 3545 3547 
148650 3543 3543 
148700 3544 3549 
148750 3549 3556 
148800 3549 3548 
148850 3547 3542 
148900 3531 3535 
148950 3554 3558 
149000 3539 3546 
149050 3540 3543 
149100 3544 3543 
149150 3547 3548 
149200 3542 3539 
149250 3546 3543 
149300 3538 3539 
149350 3535 3535 
149400 3541 3545 
149450 3557 3558 
149500 3548 3551 
149550 3542 3533 
149600 3543 3541 
149650 3549 3553 
149700 3536 3539 
149750 3543 3548 
149800 3545 3542 
149850 3557 3555 
149900 3539 3538 
149950 3544 3535 
150000 3546 3541 
150050 3548 3550 
150100 3538 3539 
150150 3541 3544 
150200 3537 3543 
150250 3547 3542 
150300 3534 3538 
150350 3551 3540 
150400 3552 3554 
150450 3537 3538 
150500 3532 3534 
150550 3533 3532 
150600 3535 3531 
150650 3546 3548 
150700 3554 3552 
150750 3541 3543 
150800 3531 3537 
150850 3559 3550 
150900 3552 3552 
150950 3545 3547 
151000 3543 3537 
151050 3538 3536 
151100 3538 3535 
151150 3547 3541 
151200 3551 3548 
151250 3539 3537 
151300 3549 3548 
151350 3532 3536 
151400 3538 3542 
151450 3538 3540 
151500 3551 3550 
151550 3548 3550 
151600 3542 3542 
151650 3542 3538 
151700 3548 3546 
151750 3540 3535 
151800 3554 3554 
151850 3555 3555 
151900 3549 3548 
151950 3549 3548 
152000 3550 3554 
152050 3548 3552 
152100 3543 3552 
152150 3539 3538 
152200 3546 3533 
152250 3544 3541 
152300 3543 3541 
152350 3552 3554 
152400 3562 3556 
152450 3541 3542 
152500 3550 3548 
152550 3546 3552 
152600 3548 3556 
152650 3557 3557 
152700 3539 3538 
152750 3537 3533 
152800 3554 3556 
152850 3549 3550 
152900 3560 3554 
152950 3545 3545 
153000 3566 3569 
153050 3558 3555 
153100 3539 3540 
153150 3543 3547 
153200 3545 3541 
153250 3547 3544 
153300 3545 3548 
153350 3562 3554 
153400 3540 3541 
153450 3530 3536 
153500 3534 3533 
153550 3547 3552 
153600 3550 3552 
153650 3541 3547 
153700 3543 3544 
153750 3534 3534 
153800 3540 3541 
153850 3535 3538 
153900 3554 3558 
153950 3558 3559 
154000 3535 3533 
154050 3544 3541 
154100 3542 3542 
154150 3546 3543 
154200 3555 3553 
154250 3544 3538 
154300 3534 3534 
154350 3537 3534 
154400 3549 3544 
154450 3552 3547 
154500 3556 3559 
154550 3548 3544 
154600 3539 3534 
154650 3556 3556 
154700 3549 3550 
154750 3552 3553 
154800 3538 3540 
154850 3553 3557 
154900 3535 3531 
154950 3534 3537 
155000 3549 3552 
155050 3540 3540 
155100 3548 3549 
155150 3543 3549 
155200 3552 3553 
155250 3541 3539 
155300 3547 3549 
155350 3544 3547 
155400 3546 3545 
155450 3550 3547 
155500 3536 3536 
155550 3530 3531 
155600 3553 3551 
155650 3564 3564 
155700 3561 3565 
155750 3561 3565 
155800 3554 3550 
155850 3546 3541 
155900 3557 3558 
155950 3543 3539 
156000 3556 3556 
156050 3546 3544 
156100 3546 3548 
156150 3554 3553 
156200 3555 3554 
156250 3547 3543 
156300 3541 3540 
156350 3556 3554 
156400 3555 3561 
156450 3554 3554 
156500 3540 3533 
156550 3529 3533 
156600 3550 3545 
156650 3563 3564 
156700 3554 3550 
156750 3559 3558 
156800 3551 3546 
156850 3562 3556 
156900 3548 3546 
156950 3540 3540 
157000 3541 3540 
157050 3547 3549 
157100 3559 3567 
157150 3541 3548 
157200 3551 3554 
157250 3553 3553 
157300 3538 3536 
157350 3541 3540 
157400 3558 3557 
157450 3550 3547 
157500 3547 3545 
157550 3544 3547 
157600 3542 3539 
157650 3547 3545 
157700 3553 3544 
157750 3557 3555 
157800 3539 3548 
157850 3544 3542 
157900 3559 3555 
157950 3537 3533 
158000 3533 3537 
158050 3526 3533 
158100 3538 3533 
158150 3553 3547 
158200 3556 3557 
158250 3533 3529 
158300 3555 3552 
158350 3536 3544 
158400 3533 3533 
158450 3546 3545 
158500 3565 3558 
158550 3555 3555 
158600 3554 3561 
158650 3559 3556 
158700 3538 3534 
158750 3529 3534 
158800 3549 3545 
158850 3538 3541 
158900 3536 3536 
158950 3553 3549 
159000 3557 3558 
159050 3553 3548 
159100 3553 3554 
159150 3545 3538 
159200 3539 3542 
159250 3557 3552 
159300 3540 3541 
159350 3545 3540 
159400 3553 3548 
159450 3529 3528 
159500 3545 3550 
159550 3555 3554 
159600 3550 3555 
159650 3554 3555 
159700 3558 3556 
159750 3558 3558 
159800 3543 3548 
159850 3546 3557 
159900 3545 3544 
159950 3552 3550 
160000 3552 3549 
160050 3547 3556 
160100 3545 3545 
160150 3546 3544 
160200 3554 3552 
160250 3543 3541 
160300 3561 3559 
160350 3556 3554 
160400 3565 3563 
160450 3552 3552 
160500 3548 3544 
160550 3547 3546 
160600 3550 3548 
160650 3556 3554 
160700 3542 3538 
160750 3549 3546 
160800 3548 3545 
160850 3541 3537 
160900 3551 3552 
160950 3554 3557 
161000 3545 3540 
161050 3559 3559 
161100 3559 3552 
161150 3540 3543 
161200 3536 3534 
161250 3544 3546 
161300 3531 3534 
161350 3533 3535 
161400 3545 3543 
161450 3539 3545 
161500 3556 3549 
161550 3555 3550 
161600 3544 3546 
161650 3542 3539 
161700 3552 3549 
161750 3543 3542 
161800 3548 3542 
161850 3562 3561 
161900 3540 3550 
161950 3538 3537 
162000 3550 3540 
162050 3553 3552 
162100 3551 3551 
162150 3551 3552 
162200 3560 3562 
162250 3537 3540 
162300 3551 3546 
162350 3538 3542 
162400 3550 3551 
162450 3551 3546 
162500 3545 3547 
162550 3566 3571 
162600 3562 3563 
162650 3547 3540 
162700 3539 3537 
162750 3545 3543 
162800 3565 3561 
162850 3555 3549 
162900 3553 3545 
162950 3561 3555 
163000 3539 3535 
163050 3542 3537 
163100 3542 3545 
163150 3554 3554 
163200 3557 3560 
163250 3557 3558 
163300 3540 3548 
163350 3568 3560 
163400 3564 3561 
163450 3563 3558 
163500 3544 3549 
163550 3555 3549 
163600 3543 3540 
163650 3546 3548 
163700 3547 3538 
163750 3551 3542 
163800 3537 3538 
163850 3552 3548 
163900 3567 3567 
163950 3555 3552 
164000 3564 3557 
164050 3557 3553 
164100 3546 3548 
164150 3548 3547 
164200 3553 3547 
164250 3533 3539 
164300 3544 3545 
164350 3550 3551 
164400 3560 3561 
164450 3530 3535 
164500 3548 3546 
164550 3539 3539 
164600 3550 3553 
164650 3558 3554 
164700 3565 3563 
164750 3553 3554 
164800 3547 3553 
164850 3548 3553 
164900 3542 3538 
164950 3531 3533 
165000 3526 3523 
165050 3546 3547 
165100 3551 3551 
165150 3526 3529 
165200 3541 3544 
165250 3537 3540 
165300 3557 3551 
165350 3547 3544 
165400 3543 3541 
165450 3545 3540 
165500 3557 3557 
165550 3553 3550 
165600 3563 3556 
165650 3566 3563 
165700 3538 3532 
165750 3538 3540 
165800 3542 3546 
165850 3552 3551 
165900 3563 3555 
165950 3552 3556 
166000 3549 3541 
166050 3563 3559 
166100 3543 3542 
166150 3547 3541 
166200 3543 3543 
166250 3550 3549 
166300 3552 3552 
166350 3537 3534 
166400 3540 3535 
166450 3549 3548 
166500 3545 3544 
166550 3545 3543 
166600 3544 3543 
166650 3538 3533 
166700 3553 3549 
166750 3559 3558 
166800 3540 3536 
166850 3539 3541 
166900 3559 3559 
166950 3551 3550 
167000 3549 3549 
167050 3554 3548 
167100 3554 3554 
167150 3562 3559 
167200 3536 3534 
167250 3548 3546 
167300 3562 3558 
167350 3553 3552 
167400 3556 3553 
167450 3547 3548 
167500 3522 3520 
167550 3531 3519 
167600 3538 3543 
167650 3537 3543 
167700 3542 3534 
167750 3536 3536 
167800 3548 3546 
167850 3532 3534 
167900 3552 3549 
167950 3546 3544 
168000 3550 3545 
168050 3560 3557 
168100 3550 3544 
168150 3529 3536 
168200 3532 3534 
168250 3536 3539 
168300 3563 3563 
168350 3565 3557 
168400 3554 3553 
168450 3546 3542 
168500 3543 3542 
168550 3558 3556 
168600 3563 3557 
168650 3552 3554 
168700 3558 3559 
168750 3551 3552 
168800 3554 3550 
168850 3554 3551 
168900 3555 3550 
168950 3553 3552 
169000 3553 3553 
169050 3556 3550 
169100 3545 3542 
169150 3553 3552 
169200 3531 3531 
169250 3527 3533 
169300 3549 3554 
169350 3541 3544 
169400 3557 3552 
169450 3556 3546 
169500 3543 3537 
169550 3551 3549 
169600 3547 3543 
169650 3537 3535 
169700 3542 3540 
169750 3537 3536 
169800 3535 3543 
169850 3557 3559 
169900 3552 3551 
169950 3544 3548 
170000 3531 3535 
170050 3545 3543 
170100 3552 3552 
170150 3538 3539 
170200 3548 3548 
170250 3551 3550 
170300 3556 3558 
170350 3564 3557 
170400 3554 3555 
170450 3537 3529 
170500 3544 3543 
170550 3546 3539 
170600 3561 3554 
170650 3544 3542 
170700 3560 3553 
170750 3565 3563 
170800 3540 3534 
170850 3547 3543 
170900 3546 3542 
170950 3562 3561 
171000 3545 3550 
171050 3558 3559 
171100 3545 3545 
171150 3550 3543 
171200 3535 3539 
171250 3542 3544 
171300 3559 3560 
171350 3541 3545 
171400 3554 3553 
171450 3534 3537 
171500 3553 3551 
171550 3516 3518 
171600 3549 3542 
171650 3542 3540 
171700 3536 3527 
171750 3545 3540 
171800 3559 3560 
171850 3539 3543 
171900 3559 3557 
171950 3544 3546 
172000 3546 3543 
172050 3538 3537 
172100 3550 3549 
172150 3556 3549 
172200 3548 3543 
172250 3547 3544 
172300 3559 3552 
172350 3552 3549 
172400 3539 3542 
172450 3553 3553 
172500 3556 3556 
172550 3539 3533 
172600 3550 3549 
172650 3566 3561 
172700 3548 3549 
172750 3532 3540 
172800 3535 3534 
172850 3540 3541 
172900 3548 3562 
172950 3558 3555 
173000 3539 3534 
173050 3555 3547 
173100 3540 3540 
173150 3551 3550 
173200 3546 3541 
173250 3550 3550 
173300 3561 3558 
173350 3555 3543 
173400 3548 3550 
173450 3549 3547 
173500 3558 3561 
173550 3553 3554 
173600 3551 3544 
173650 3555 3551 
173700 3546 3544 
173750 3554 3545 
173800 3549 3547 
173850 3535 3532 
173900 3533 3529 
173950 3543 3535 
174000 3547 3549 
174050 3544 3548 
174100 3539 3539 
174150 3550 3545 
174200 3553 3554 
174250 3545 3542 
174300 3548 3554 
174350 3548 3538 
174400 3545 3540 
174450 3537 3528 
174500 3547 3548 
174550 3544 3537 
174600 3538 3540 
174650 3535 3526 
174700 3543 3546 
174750 3539 3539 
174800 3518 3522 
174850 3565 3564 
174900 3538 3541 
174950 3547 3553 
175000 3555 3549 
175050 3541 3546 
175100 3549 3550 
175150 3548 3548 
175200 3534 3535 
175250 3567 3566 
175300 3546 3554 
175350 3546 3544 
175400 3547 3543 
175450 3554 3549 
175500 3553 3551 
175550 3543 3541 
175600 3553 3542 
175650 3552 3547 
175700 3562 3564 
175750 3548 3547 
175800 3549 3554 
175850 3555 3547 
175900 3528 3527 
175950 3540 3537 
176000 3521 3526 
176050 3550 3543 
176100 3540 3544 
176150 3561 3564 
176200 3571 3562 
176250 3547 3546 
176300 3552 3551 
176350 3550 3557 
176400 3558 3552 
176450 3541 3537 
176500 3547 3551 
176550 3561 3553 
176600 3557 3557 
176650 3544 3538 
176700 3558 3552 
176750 3538 3538 
176800 3549 3548 
176850 3543 3543 
176900 3547 3542 
176950 3545 3542 
177000 3544 3543 
177050 3543 3542 
177100 3538 3525 
177150 3549 3543 
177200 3565 3557 
177250 3551 3550 
177300 3556 3559 
177350 3547 3540 
177400 3554 3556 
177450 3537 3545 
177500 3536 3533 
177550 3544 3540 
177600 3566 3561 
177650 3555 3550 
177700 3567 3561 
177750 3551 3547 
177800 3544 3539 
177850 3546 3547 
177900 3548 3553 
177950 3545 3547 
178000 3534 3532 
178050 3553 3551 
178100 3556 3554 
178150 3532 3534 
178200 3552 3550 
178250 3550 3543 
178300 3563 3557 
178350 3553 3551 
178400 3555 3553 
178450 3551 3548 
178500 3546 3545 
178550 3551 3550 
178600 3550 3544 
178650 3554 3551 
178700 3560 3554 
178750 3547 3543 
178800 3559 3555 
178850 3559 3556 
178900 3553 3554 
178950 3534 3534 
179000 3561 3562 
179050 3556 3556 
179100 3558 3561 
179150 3551 3549 
179200 3549 3546 
179250 3553 3552 
179300 3549 3548 
179350 3545 3542 
179400 3540 3543 
179450 3552 3549 
179500 3553 3549 
179550 3538 3534 
179600 3548 3548 
179650 3565 3562 
179700 3563 3558 
179750 3557 3554 
179800 3534 3540 
179850 3542 3528 
179900 3541 3541 
179950 3552 3555 
180000 3539 3542 
180050 3564 3568 
180100 3556 3548 
180150 3560 3558 
180200 3552 3549 
180250 3542 3540 
180300 3547 3549 
180350 3561 3555 
180400 3555 3550 
180450 3547 3547 
180500 3549 3547 
180550 3556 3554 
180600 3545 3542 
180650 3570 3570 
180700 3547 3543 
180750 3539 3538 
180800 3542 3538 
180850 3553 3545 
180900 3547 3545 
180950 3538 3546 
181000 3543 3540 
181050 3555 3553 
181100 3550 3548 
181150 3546 3544 
181200 3560 3557 
181250 3549 3548 
181300 3562 3560 
181350 3541 3545 
181400 3550 3553 
181450 3559 3564 
181500 3558 3563 
181550 3562 3562 
181600 3542 3541 
181650 3543 3537 
181700 3553 3553 
181750 3541 3544 
181800 3546 3544 
181850 3538 3528 
181900 3555 3554 
181950 3550 3543 
182000 3554 3547 
182050 3551 3546 
182100 3558 3560 
182150 3557 3550 
182200 3564 3563 
182250 3553 3551 
182300 3559 3557 
182350 3559 3550 
182400 3547 3553 
182450 3552 3546 
182500 3551 3550 
182550 3555 3550 
182600 3556 3561 
182650 3565 3564 
182700 3551 3552 
182750 3551 3551 
182800 3545 3548 
182850 3539 3537 
182900 3555 3554 
182950 3547 3549 
183000 3548 3544 
183050 3553 3549 
183100 3554 3545 
183150 3562 3559 
183200 3549 3545 
183250 3545 3545 
183300 3553 3548 
183350 3550 3551 
183400 3554 3542 
183450 3550 3543 
183500 3542 3542 
183550 3561 3560 
183600 3558 3554 
183650 3553 3558 
183700 3552 3554 
183750 3544 3542 
183800 3547 3543 
183850 3554 3550 
183900 3557 3554 
183950 3552 3553 
184000 3562 3557 
184050 3553 3548 
184100 3539 3531 
184150 3533 3539 
184200 3559 3559 
184250 3543 3538 
184300 3528 3521 
184350 3553 3553 
184400 3563 3560 
184450 3539 3542 
184500 3566 3562 
184550 3552 3555 
184600 3555 3552 
184650 3560 3553 
184700 3548 3543 
184750 3551 3553 
184800 3552 3554 
184850 3559 3552 
184900 3520 3516 
184950 3557 3555 
185000 3562 3555 
185050 3547 3548 
185100 3527 3529 
185150 3531 3535 
185200 3554 3559 
185250 3554 3552 
185300 3538 3538 
185350 3554 3554 
185400 3532 3532 
185450 3529 3525 
185500 3550 3543 
185550 3536 3530 
185600 3553 3548 
185650 3550 3553 
185700 3544 3545 
185750 3558 3562 
185800 3561 3557 
185850 3539 3537 
185900 3564 3569 
185950 3534 3532 
186000 3540 3540 
186050 3557 3559 
186100 3561 3560 
186150 3562 3558 
186200 3553 3558 
186250 3546 3548 
186300 3559 3546 
186350 3548 3548 
186400 3554 3556 
186450 3535 3539 
186500 3534 3537 
186550 3539 3543 
186600 3540 3538 
186650 3549 3550 
186700 3557 3552 
186750 3536 3532 
186800 3546 3549 
186850 3550 3541 
186900 3555 3543 
186950 3553 3550 
187000 3550 3543 
187050 3560 3561 
187100 3563 3564 
187150 3548 3552 
187200 3550 3553 
187250 3556 3559 
187300 3567 3566 
187350 3550 3550 
187400 3543 3541 
187450 3557 3556 
187500 3527 3523 
187550 3536 3536 
187600 3549 3549 
187650 3551 3550 
187700 3554 3548 
187750 3537 3537 
187800 3561 3565 
187850 3552 3549 
187900 3533 3526 
187950 3561 3564 
188000 3557 3560 
188050 3564 3563 
188100 3560 3556 
188150 3542 3550 
188200 3550 3555 
188250 3544 3537 
188300 3550 3543 
188350 3548 3549 
188400 3543 3547 
188450 3551 3552 
188500 3546 3544 
188550 3562 3557 
188600 3552 3551 
188650 3560 3561 
188700 3534 3542 
188750 3552 3553 
188800 3542 3546 
188850 3551 3551 
188900 3565 3566 
188950 3545 3545 
189000 3534 3538 
189050 3557 3561 
189100 3545 3548 
189150 3547 3542 
189200 3546 3548 
189250 3548 3546 
189300 3552 3548 
189350 3549 3547 
189400 3526 3530 
189450 3552 3548 
189500 3551 3551 
189550 3562 3564 
189600 3559 3558 
189650 3544 3554 
189700 3546 3541 
189750 3556 3552 
189800 3554 3554 
189850 3556 3558 
189900 3561 3555 
189950 3553 3551 
190000 3545 3546 
190050 3548 3556 
190100 3548 3540 
190150 3535 3534 
190200 3552 3553 
190250 3554 3553 
190300 3564 3562 
190350 3550 3549 
190400 3553 3553 
190450 3552 3550 
190500 3544 3542 
190550 3549 3548 
190600 3533 3524 
190650 3561 3556 
190700 3553 3550 
190750 3554 3556 
190800 3536 3538 
190850 3551 3547 
190900 3541 3548 
190950 3544 3545 
191000 3550 3545 
191050 3566 3567 
191100 3543 3547 
191150 3553 3555 
191200 3550 3549 
191250 3538 3541 
191300 3551 3546 
191350 3554 3556 
191400 3542 3539 
191450 3549 3552 
191500 3551 3556 
191550 3538 3537 
191600 3545 3554 
191650 3535 3537 
191700 3550 3547 
191750 3540 3544 
191800 3539 3540 
191850 3558 3554 
191900 3550 3544 
191950 3540 3538 
192000 3556 3557 
192050 3545 3542 
192100 3541 3538 
192150 3558 3555 
192200 3570 3569 
192250 3552 3551 
192300 3552 3552 
192350 3535 3532 
192400 3543 3544 
192450 3555 3556 
192500 3550 3548 
192550 3561 3558 
192600 3544 3538 
192650 3542 3544 
192700 3541 3550 
192750 3547 3547 
192800 3551 3552 
192850 3556 3558 
192900 3542 3547 
192950 3544 3542 
193000 3545 3541 
193050 3539 3538 
193100 3548 3548 
193150 3532 3537 
193200 3553 3548 
193250 3562 3561 
193300 3547 3550 
193350 3544 3549 
193400 3551 3547 
193450 3542 3537 
193500 3559 3552 
193550 3551 3552 
193600 3559 3555 
193650 3542 3542 
193700 3544 3544 
193750 3539 3533 
193800 3544 3540 
193850 3554 3552 
193900 3550 3557 
193950 3545 3548 
194000 3545 3550 
194050 3561 3558 
194100 3545 3545 
194150 3549 3546 
194200 3553 3546 
194250 3556 3554 
194300 3554 3553 
194350 3547 3550 
194400 3545 3544 
194450 3517 3521 
194500 3536 3532 
194550 3551 3549 
194600 3552 3550 
194650 3541 3540 
194700 3542 3542 
194750 3554 3555 
194800 3547 3553 
194850 3531 3542 
194900 3535 3540 
194950 3551 3558 
195000 3543 3540 
195050 3544 3547 
195100 3543 3540 
195150 3550 3551 
195200 3562 3556 
195250 3551 3550 
195300 3555 3558 
195350 3531 3537 
195400 3530 3529 
195450 3531 3541 
195500 3529 3528 
195550 3543 3543 
195600 3525 3524 
195650 3538 3544 
195700 3551 3551 
195750 3547 3553 
195800 3550 3543 
195850 3554 3557 
195900 3551 3554 
195950 3533 3538 
196000 3552 3548 
196050 3542 3546 
196100 3556 3561 
196150 3545 3555 
196200 3544 3544 
196250 3537 3543 
196300 3559 3553 
196350 3552 3548 
196400 3557 3554 
196450 3550 3555 
196500 3550 3550 
196550 3559 3556 
196600 3549 3556 
196650 3542 3541 
196700 3543 3543 
196750 3554 3559 
196800 3553 3550 
196850 3550 3547 
196900 3546 3540 
196950 3547 3541 
197000 3554 3555 
197050 3548 3551 
197100 3538 3543 
197150 3550 3542 
197200 3556 3554 
197250 3554 3559 
197300 3541 3541 
197350 3545 3548 
197400 3536 3543 
197450 3553 3552 
197500 3535 3535 
197550 3547 3549 
197600 3542 3540 
197650 3536 3536 
197700 3556 3550 
197750 3550 3545 
197800 3536 3536 
197850 3558 3561 
197900 3540 3538 
197950 3549 3549 
198000 3552 3551 
198050 3543 3543 
198100 3561 3557 
198150 3565 3561 
198200 3542 3546 
198250 3551 3544 
198300 3537 3541 
198350 3552 3561 
198400 3557 3556 
198450 3544 3549 
198500 3551 3547 
198550 3563 3565 
198600 3571 3560 
198650 3550 3554 
198700 3550 3552 
198750 3561 3563 
198800 3538 3542 
198850 3543 3537 
198900 3549 3552 
198950 3538 3542 
199000 3550 3549 
199050 3546 3545 
199100 3561 3556 
199150 3551 3554 
199200 3555 3553 
199250 3566 3565 
199300 3552 3552 
199350 3557 3556 
199400 3548 3549 
199450 3548 3553 
199500 3555 3547 
199550 3546 3540 
199600 3533 3529 
199650 3543 3543 
199700 3564 3568 
199750 3547 3541 
199800 3560 3556 
199850 3553 3554 
199900 3545 3550 
199950 3549 3551 
200000 3560 3560 
